# service life
2 4 6 8 10 12 14 16 18 20 22 24 26 28 30 32 34 36 38 40 42 44 46 48 50 52 54 56 58 60 62 64 66 68 70 72 74 76 78 80 82 84 86 88 90 92 94 96 98 100 102 104 106 108 110 112 114 116 118 120 122 124 126 128 130
# chloride history (mean)
3.3901e-01 7.5872e-01 1.0707e+00 1.3084e+00 1.4967e+00 1.6513e+00 2.5668e+00 3.2015e+00 3.5815e+00 3.8092e+00 3.9212e+00 3.9547e+00 3.9726e+00 3.9882e+00 4.0023e+00 4.0152e+00 4.0270e+00 4.0379e+00 4.0480e+00 4.0574e+00 4.0661e+00 4.0743e+00 4.0819e+00 4.0891e+00 4.0960e+00 4.1024e+00 4.1085e+00 4.1143e+00 4.1198e+00 4.1251e+00 4.1301e+00 4.1349e+00 4.1395e+00 4.1439e+00 4.1481e+00 4.1522e+00 4.1561e+00 4.1598e+00 4.1635e+00 4.1669e+00 4.1703e+00 4.1736e+00 4.1767e+00 4.1798e+00 4.1828e+00 4.1856e+00 4.1884e+00 4.1911e+00 4.1938e+00 4.1963e+00 4.1988e+00 4.2012e+00 4.2036e+00 4.2058e+00 4.2081e+00 4.2102e+00 4.2124e+00 4.2144e+00 4.2165e+00 4.2184e+00 4.2204e+00 4.2222e+00 4.2241e+00 4.2259e+00 4.2277e+00
# chloride history (std)
2.1442e-01 3.1961e-01 3.8132e-01 4.2955e-01 4.7098e-01 5.0850e-01 7.7210e-01 1.0050e+00 1.1704e+00 1.2777e+00 1.3348e+00 1.3531e+00 1.3612e+00 1.3682e+00 1.3746e+00 1.3804e+00 1.3857e+00 1.3906e+00 1.3952e+00 1.3994e+00 1.4034e+00 1.4071e+00 1.4106e+00 1.4138e+00 1.4169e+00 1.4198e+00 1.4226e+00 1.4252e+00 1.4278e+00 1.4301e+00 1.4324e+00 1.4346e+00 1.4367e+00 1.4387e+00 1.4406e+00 1.4425e+00 1.4443e+00 1.4460e+00 1.4476e+00 1.4492e+00 1.4508e+00 1.4522e+00 1.4537e+00 1.4551e+00 1.4564e+00 1.4577e+00 1.4590e+00 1.4603e+00 1.4615e+00 1.4626e+00 1.4638e+00 1.4649e+00 1.4659e+00 1.4670e+00 1.4680e+00 1.4690e+00 1.4700e+00 1.4709e+00 1.4718e+00 1.4727e+00 1.4736e+00 1.4745e+00 1.4753e+00 1.4762e+00 1.4770e+00
# corrosion prob history
3.1250e-02 3.3101e-01 7.3204e-01 9.7175e-01 9.9988e-01 1.0000e+00 1.0000e+00 1.0000e+00 1.0000e+00 1.0000e+00 1.0000e+00 1.0000e+00 1.0000e+00 1.0000e+00 1.0000e+00 1.0000e+00 1.0000e+00 1.0000e+00 1.0000e+00 1.0000e+00 1.0000e+00 1.0000e+00 1.0000e+00 1.0000e+00 1.0000e+00 1.0000e+00 1.0000e+00 1.0000e+00 1.0000e+00 1.0000e+00 1.0000e+00 1.0000e+00 1.0000e+00 1.0000e+00 1.0000e+00 1.0000e+00 1.0000e+00 1.0000e+00 1.0000e+00 1.0000e+00 1.0000e+00 1.0000e+00 1.0000e+00 1.0000e+00 1.0000e+00 1.0000e+00 1.0000e+00 1.0000e+00 1.0000e+00 1.0000e+00 1.0000e+00 1.0000e+00 1.0000e+00 1.0000e+00 1.0000e+00 1.0000e+00 1.0000e+00 1.0000e+00 1.0000e+00 1.0000e+00 1.0000e+00 1.0000e+00 1.0000e+00 1.0000e+00 1.0000e+00
# corrosion rate history (mean)
2.3378e-02 2.7246e-01 6.1478e-01 8.0647e-01 8.0461e-01 7.9225e-01 1.0742e+00 1.2250e+00 1.2871e+00 1.3059e+00 1.2964e+00 1.2705e+00 1.2450e+00 1.2225e+00 1.2026e+00 1.1847e+00 1.1686e+00 1.1539e+00 1.1405e+00 1.1281e+00 1.1166e+00 1.1060e+00 1.0960e+00 1.0867e+00 1.0780e+00 1.0698e+00 1.0620e+00 1.0547e+00 1.0477e+00 1.0411e+00 1.0348e+00 1.0287e+00 1.0230e+00 1.0175e+00 1.0122e+00 1.0072e+00 1.0023e+00 9.9763e-01 9.9312e-01 9.8878e-01 9.8459e-01 9.8055e-01 9.7664e-01 9.7285e-01 9.6919e-01 9.6564e-01 9.6220e-01 9.5886e-01 9.5561e-01 9.5246e-01 9.4939e-01 9.4641e-01 9.4351e-01 9.4068e-01 9.3792e-01 9.3524e-01 9.3262e-01 9.3006e-01 9.2756e-01 9.2513e-01 9.2274e-01 9.2042e-01 9.1814e-01 9.1591e-01 9.1373e-01
# corrosion rate history (std)
1.4081e-01 4.1751e-01 4.3531e-01 2.9437e-01 2.5091e-01 2.4299e-01 3.3199e-01 3.8999e-01 4.1933e-01 4.3139e-01 4.3151e-01 4.2338e-01 4.1484e-01 4.0737e-01 4.0078e-01 3.9489e-01 3.8959e-01 3.8477e-01 3.8036e-01 3.7631e-01 3.7257e-01 3.6909e-01 3.6585e-01 3.6282e-01 3.5997e-01 3.5729e-01 3.5477e-01 3.5237e-01 3.5010e-01 3.4795e-01 3.4589e-01 3.4394e-01 3.4206e-01 3.4027e-01 3.3856e-01 3.3691e-01 3.3533e-01 3.3381e-01 3.3234e-01 3.3093e-01 3.2957e-01 3.2825e-01 3.2698e-01 3.2575e-01 3.2455e-01 3.2340e-01 3.2228e-01 3.2119e-01 3.2013e-01 3.1911e-01 3.1811e-01 3.1714e-01 3.1619e-01 3.1527e-01 3.1437e-01 3.1350e-01 3.1264e-01 3.1181e-01 3.1100e-01 3.1020e-01 3.0943e-01 3.0867e-01 3.0792e-01 3.0720e-01 3.0649e-01
# mean corrosion rate history (mean, outdated no use)
2.3378e-02 2.7246e-01 6.1478e-01 8.0647e-01 8.0461e-01 7.9225e-01 1.0742e+00 1.2250e+00 1.2871e+00 1.3059e+00 1.2964e+00 1.2705e+00 1.2450e+00 1.2225e+00 1.2026e+00 1.1847e+00 1.1686e+00 1.1539e+00 1.1405e+00 1.1281e+00 1.1166e+00 1.1060e+00 1.0960e+00 1.0867e+00 1.0780e+00 1.0698e+00 1.0620e+00 1.0547e+00 1.0477e+00 1.0411e+00 1.0348e+00 1.0287e+00 1.0230e+00 1.0175e+00 1.0122e+00 1.0072e+00 1.0023e+00 9.9763e-01 9.9312e-01 9.8878e-01 9.8459e-01 9.8055e-01 9.7664e-01 9.7285e-01 9.6919e-01 9.6564e-01 9.6220e-01 9.5886e-01 9.5561e-01 9.5246e-01 9.4939e-01 9.4641e-01 9.4351e-01 9.4068e-01 9.3792e-01 9.3524e-01 9.3262e-01 9.3006e-01 9.2756e-01 9.2513e-01 9.2274e-01 9.2042e-01 9.1814e-01 9.1591e-01 9.1373e-01
# mean corrosion rate history (std, outdated no use)
1.4081e-01 4.1751e-01 4.3531e-01 2.9437e-01 2.5091e-01 2.4299e-01 3.3199e-01 3.8999e-01 4.1933e-01 4.3139e-01 4.3151e-01 4.2338e-01 4.1484e-01 4.0737e-01 4.0078e-01 3.9489e-01 3.8959e-01 3.8477e-01 3.8036e-01 3.7631e-01 3.7257e-01 3.6909e-01 3.6585e-01 3.6282e-01 3.5997e-01 3.5729e-01 3.5477e-01 3.5237e-01 3.5010e-01 3.4795e-01 3.4589e-01 3.4394e-01 3.4206e-01 3.4027e-01 3.3856e-01 3.3691e-01 3.3533e-01 3.3381e-01 3.3234e-01 3.3093e-01 3.2957e-01 3.2825e-01 3.2698e-01 3.2575e-01 3.2455e-01 3.2340e-01 3.2228e-01 3.2119e-01 3.2013e-01 3.1911e-01 3.1811e-01 3.1714e-01 3.1619e-01 3.1527e-01 3.1437e-01 3.1350e-01 3.1264e-01 3.1181e-01 3.1100e-01 3.1020e-01 3.0943e-01 3.0867e-01 3.0792e-01 3.0720e-01 3.0649e-01
# residual diameter history (mean)
3.5799e+01 3.5789e+01 3.5766e+01 3.5736e+01 3.5706e+01 3.5677e+01 3.5637e+01 3.5591e+01 3.5543e+01 3.5495e+01 3.5446e+01 3.5399e+01 3.5353e+01 3.5307e+01 3.5262e+01 3.5218e+01 3.5175e+01 3.5132e+01 3.5089e+01 3.5047e+01 3.5006e+01 3.4965e+01 3.4924e+01 3.4883e+01 3.4843e+01 3.4803e+01 3.4764e+01 3.4725e+01 3.4686e+01 3.4647e+01 3.4608e+01 3.4570e+01 3.4532e+01 3.4494e+01 3.4456e+01 3.4419e+01 3.4382e+01 3.4344e+01 3.4308e+01 3.4271e+01 3.4234e+01 3.4198e+01 3.4161e+01 3.4125e+01 3.4089e+01 3.4053e+01 3.4017e+01 3.3981e+01 3.3946e+01 3.3910e+01 3.3875e+01 3.3840e+01 3.3805e+01 3.3770e+01 3.3735e+01 3.3700e+01 3.3665e+01 3.3631e+01 3.3596e+01 3.3562e+01 3.3527e+01 3.3493e+01 3.3459e+01 3.3425e+01 3.3391e+01
# residual diameter history (std)
5.2411e-03 1.7751e-02 2.8552e-02 3.3759e-02 3.9708e-02 4.6966e-02 5.6736e-02 6.8498e-02 8.1744e-02 9.5939e-02 1.1057e-01 1.2528e-01 1.3993e-01 1.5447e-01 1.6890e-01 1.8320e-01 1.9738e-01 2.1142e-01 2.2534e-01 2.3914e-01 2.5283e-01 2.6641e-01 2.7989e-01 2.9327e-01 3.0656e-01 3.1976e-01 3.3287e-01 3.4591e-01 3.5886e-01 3.7174e-01 3.8456e-01 3.9730e-01 4.0998e-01 4.2259e-01 4.3515e-01 4.4764e-01 4.6008e-01 4.7247e-01 4.8480e-01 4.9709e-01 5.0932e-01 5.2151e-01 5.3365e-01 5.4575e-01 5.5781e-01 5.6982e-01 5.8180e-01 5.9373e-01 6.0563e-01 6.1748e-01 6.2931e-01 6.4109e-01 6.5285e-01 6.6457e-01 6.7625e-01 6.8791e-01 6.9953e-01 7.1112e-01 7.2269e-01 7.3422e-01 7.4573e-01 7.5721e-01 7.6866e-01 7.8008e-01 7.9148e-01
# radial pressure history (mean)
1.0000e+00 1.0051e+00 1.2000e+00 4.6826e+00 1.3870e+01 2.3450e+01 3.6536e+01 5.1516e+01 6.7270e+01 8.3247e+01 9.9087e+01 1.1458e+02 1.2974e+02 1.4460e+02 1.5919e+02 1.7355e+02 1.8769e+02 2.0162e+02 2.1538e+02 2.2897e+02 2.4240e+02 2.5569e+02 2.6884e+02 2.8186e+02 2.9476e+02 3.0755e+02 3.2022e+02 3.3279e+02 3.4527e+02 3.5764e+02 3.6993e+02 3.8214e+02 3.9425e+02 4.0629e+02 4.1826e+02 4.3014e+02 4.4196e+02 4.5371e+02 4.6539e+02 4.7700e+02 4.8856e+02 5.0005e+02 5.1148e+02 5.2286e+02 5.3418e+02 5.4544e+02 5.5665e+02 5.6781e+02 5.7892e+02 5.8998e+02 6.0099e+02 6.1196e+02 6.2288e+02 6.3375e+02 6.4458e+02 6.5537e+02 6.6611e+02 6.7681e+02 6.8747e+02 6.9809e+02 7.0868e+02 7.1922e+02 7.2973e+02 7.4019e+02 7.5063e+02
# radial pressure history (std)
2.6346e-08 8.6598e-02 6.9601e-01 2.9930e+00 4.7926e+00 8.0240e+00 1.3473e+01 2.0262e+01 2.7685e+01 3.5356e+01 4.3019e+01 5.0522e+01 5.7859e+01 6.5047e+01 7.2101e+01 7.9033e+01 8.5855e+01 9.2575e+01 9.9203e+01 1.0574e+02 1.1221e+02 1.1859e+02 1.2491e+02 1.3116e+02 1.3735e+02 1.4347e+02 1.4955e+02 1.5556e+02 1.6153e+02 1.6745e+02 1.7332e+02 1.7915e+02 1.8493e+02 1.9068e+02 1.9638e+02 2.0204e+02 2.0767e+02 2.1326e+02 2.1882e+02 2.2434e+02 2.2983e+02 2.3528e+02 2.4071e+02 2.4610e+02 2.5147e+02 2.5680e+02 2.6211e+02 2.6739e+02 2.7264e+02 2.7787e+02 2.8307e+02 2.8825e+02 2.9340e+02 2.9853e+02 3.0363e+02 3.0871e+02 3.1377e+02 3.1881e+02 3.2382e+02 3.2881e+02 3.3378e+02 3.3873e+02 3.4366e+02 3.4857e+02 3.5346e+02
# crack prob history
9.5033e-274 4.7835e-95 1.1481e-24 4.2275e-04 9.9708e-01 1.0000e+00 1.0000e+00 1.0000e+00 1.0000e+00 1.0000e+00 1.0000e+00 1.0000e+00 1.0000e+00 1.0000e+00 1.0000e+00 1.0000e+00 1.0000e+00 1.0000e+00 1.0000e+00 1.0000e+00 1.0000e+00 1.0000e+00 1.0000e+00 1.0000e+00 1.0000e+00 1.0000e+00 1.0000e+00 1.0000e+00 1.0000e+00 1.0000e+00 1.0000e+00 1.0000e+00 1.0000e+00 1.0000e+00 1.0000e+00 1.0000e+00 1.0000e+00 1.0000e+00 1.0000e+00 1.0000e+00 1.0000e+00 1.0000e+00 1.0000e+00 1.0000e+00 1.0000e+00 1.0000e+00 1.0000e+00 1.0000e+00 1.0000e+00 1.0000e+00 1.0000e+00 1.0000e+00 1.0000e+00 1.0000e+00 1.0000e+00 1.0000e+00 1.0000e+00 1.0000e+00 1.0000e+00 1.0000e+00 1.0000e+00 1.0000e+00 1.0000e+00 1.0000e+00 1.0000e+00
# ds at crack history (mean)
3.3993e-272 1.7110e-93 4.1055e-23 1.5113e-02 3.5602e+01 3.5706e+01 3.5706e+01 3.5706e+01 3.5706e+01 3.5706e+01 3.5706e+01 3.5706e+01 3.5706e+01 3.5706e+01 3.5706e+01 3.5706e+01 3.5706e+01 3.5706e+01 3.5706e+01 3.5706e+01 3.5706e+01 3.5706e+01 3.5706e+01 3.5706e+01 3.5706e+01 3.5706e+01 3.5706e+01 3.5706e+01 3.5706e+01 3.5706e+01 3.5706e+01 3.5706e+01 3.5706e+01 3.5706e+01 3.5706e+01 3.5706e+01 3.5706e+01 3.5706e+01 3.5706e+01 3.5706e+01 3.5706e+01 3.5706e+01 3.5706e+01 3.5706e+01 3.5706e+01 3.5706e+01 3.5706e+01 3.5706e+01 3.5706e+01 3.5706e+01 3.5706e+01 3.5706e+01 3.5706e+01 3.5706e+01 3.5706e+01 3.5706e+01 3.5706e+01 3.5706e+01 3.5706e+01 3.5706e+01 3.5706e+01 3.5706e+01 3.5706e+01 3.5706e+01 3.5706e+01
# ds at crack history (std)
1.1030e-135 2.4745e-46 3.8326e-11 7.3506e-01 1.9281e+00 5.3276e-02 3.9716e-02 3.9716e-02 3.9716e-02 3.9716e-02 3.9716e-02 3.9716e-02 3.9716e-02 3.9716e-02 3.9716e-02 3.9716e-02 3.9716e-02 3.9716e-02 3.9716e-02 3.9716e-02 3.9716e-02 3.9716e-02 3.9716e-02 3.9716e-02 3.9716e-02 3.9716e-02 3.9716e-02 3.9716e-02 3.9716e-02 3.9716e-02 3.9716e-02 3.9716e-02 3.9716e-02 3.9716e-02 3.9716e-02 3.9716e-02 3.9716e-02 3.9716e-02 3.9716e-02 3.9716e-02 3.9716e-02 3.9716e-02 3.9716e-02 3.9716e-02 3.9716e-02 3.9716e-02 3.9716e-02 3.9716e-02 3.9716e-02 3.9716e-02 3.9716e-02 3.9716e-02 3.9716e-02 3.9716e-02 3.9716e-02 3.9716e-02 3.9716e-02 3.9716e-02 3.9716e-02 3.9716e-02 3.9716e-02 3.9716e-02 3.9716e-02 3.9716e-02 3.9716e-02
# crack width history (mean)
0.0000e+00 9.9655e-275 4.1104e-96 9.8749e-26 3.7720e-05 1.3262e-01 3.1163e-01 5.1459e-01 7.2706e-01 9.4206e-01 1.1551e+00 1.3635e+00 1.5675e+00 1.7675e+00 1.9640e+00 2.1574e+00 2.3478e+00 2.5357e+00 2.7211e+00 2.9043e+00 3.0854e+00 3.2645e+00 3.4419e+00 3.6175e+00 3.7915e+00 3.9640e+00 4.1350e+00 4.3047e+00 4.4730e+00 4.6401e+00 4.8060e+00 4.9707e+00 5.1343e+00 5.2969e+00 5.4584e+00 5.6190e+00 5.7786e+00 5.9373e+00 6.0951e+00 6.2520e+00 6.4081e+00 6.5634e+00 6.7179e+00 6.8716e+00 7.0246e+00 7.1769e+00 7.3285e+00 7.4794e+00 7.6296e+00 7.7791e+00 7.9280e+00 8.0763e+00 8.2240e+00 8.3711e+00 8.5176e+00 8.6635e+00 8.8089e+00 8.9537e+00 9.0980e+00 9.2417e+00 9.3850e+00 9.5277e+00 9.6699e+00 9.8116e+00 9.9529e+00
# crack width history (std)
0.0000e+00 3.2335e-138 5.9541e-49 9.2193e-14 1.8421e-03 1.8536e-02 3.0319e-02 3.5670e-02 3.6858e-02 3.5881e-02 3.3630e-02 3.1558e-02 3.0325e-02 2.9996e-02 3.0561e-02 3.1945e-02 3.4029e-02 3.6683e-02 3.9781e-02 4.3220e-02 4.6917e-02 5.0812e-02 5.4855e-02 5.9013e-02 6.3258e-02 6.7569e-02 7.1933e-02 7.6336e-02 8.0769e-02 8.5225e-02 8.9699e-02 9.4185e-02 9.8680e-02 1.0318e-01 1.0769e-01 1.1219e-01 1.1670e-01 1.2121e-01 1.2571e-01 1.3021e-01 1.3471e-01 1.3920e-01 1.4370e-01 1.4818e-01 1.5266e-01 1.5714e-01 1.6161e-01 1.6608e-01 1.7054e-01 1.7500e-01 1.7946e-01 1.8391e-01 1.8836e-01 1.9280e-01 1.9724e-01 2.0168e-01 2.0611e-01 2.1054e-01 2.1497e-01 2.1939e-01 2.2382e-01 2.2824e-01 2.3266e-01 2.3709e-01 2.4151e-01
# cracked concrete diffusion history (fw, mean)
1.0000e+00 1.0000e+00 1.0000e+00 1.0000e+00 1.0003e+00 2.3566e+00 5.0970e+00 9.4455e+00 1.5180e+01 1.9244e+01 1.9972e+01 2.0000e+01 2.0000e+01 2.0000e+01 2.0000e+01 2.0000e+01 2.0000e+01 2.0000e+01 2.0000e+01 2.0000e+01 2.0000e+01 2.0000e+01 2.0000e+01 2.0000e+01 2.0000e+01 2.0000e+01 2.0000e+01 2.0000e+01 2.0000e+01 2.0000e+01 2.0000e+01 2.0000e+01 2.0000e+01 2.0000e+01 2.0000e+01 2.0000e+01 2.0000e+01 2.0000e+01 2.0000e+01 2.0000e+01 2.0000e+01 2.0000e+01 2.0000e+01 2.0000e+01 2.0000e+01 2.0000e+01 2.0000e+01 2.0000e+01 2.0000e+01 2.0000e+01 2.0000e+01 2.0000e+01 2.0000e+01 2.0000e+01 2.0000e+01 2.0000e+01 2.0000e+01 2.0000e+01 2.0000e+01 2.0000e+01 2.0000e+01 2.0000e+01 2.0000e+01 2.0000e+01 2.0000e+01
# cracked concrete diffusion history (fw, std)
2.6346e-08 2.6346e-08 2.6346e-08 2.6346e-08 1.7146e-02 3.4322e-01 1.0326e+00 2.0615e+00 2.9262e+00 1.5061e+00 2.4468e-01 4.9149e-03 8.9421e-07 8.4307e-07 8.4307e-07 8.4307e-07 8.4307e-07 8.4307e-07 8.4307e-07 8.4307e-07 8.4307e-07 8.4307e-07 8.4307e-07 8.4307e-07 8.4307e-07 8.4307e-07 8.4307e-07 8.4307e-07 8.4307e-07 8.4307e-07 8.4307e-07 8.4307e-07 8.4307e-07 8.4307e-07 8.4307e-07 8.4307e-07 8.4307e-07 8.4307e-07 8.4307e-07 8.4307e-07 8.4307e-07 8.4307e-07 8.4307e-07 8.4307e-07 8.4307e-07 8.4307e-07 8.4307e-07 8.4307e-07 8.4307e-07 8.4307e-07 8.4307e-07 8.4307e-07 8.4307e-07 8.4307e-07 8.4307e-07 8.4307e-07 8.4307e-07 8.4307e-07 8.4307e-07 8.4307e-07 8.4307e-07 8.4307e-07 8.4307e-07 8.4307e-07 9.8859e-07
# flexural resistance history (mean, kNm)
1.6341e+03 1.6335e+03 1.6320e+03 1.6300e+03 1.6280e+03 1.6261e+03 1.6234e+03 1.6204e+03 1.6173e+03 1.6141e+03 1.6109e+03 1.6078e+03 1.6048e+03 1.6018e+03 1.5989e+03 1.5960e+03 1.5932e+03 1.5904e+03 1.5876e+03 1.5848e+03 1.5821e+03 1.5794e+03 1.5767e+03 1.5740e+03 1.5713e+03 1.5686e+03 1.5660e+03 1.5633e+03 1.5607e+03 1.5581e+03 1.5554e+03 1.5528e+03 1.5502e+03 1.5476e+03 1.5450e+03 1.5424e+03 1.5398e+03 1.5372e+03 1.5346e+03 1.5320e+03 1.5294e+03 1.5268e+03 1.5243e+03 1.5217e+03 1.5191e+03 1.5166e+03 1.5140e+03 1.5115e+03 1.5090e+03 1.5064e+03 1.5039e+03 1.5014e+03 1.4989e+03 1.4964e+03 1.4939e+03 1.4914e+03 1.4889e+03 1.4864e+03 1.4840e+03 1.4815e+03 1.4790e+03 1.4766e+03 1.4741e+03 1.4717e+03 1.4693e+03
# flexural resistance history (std, kNm)
2.2001e+02 2.1987e+02 2.1964e+02 2.1938e+02 2.1913e+02 2.1887e+02 2.1853e+02 2.1814e+02 2.1773e+02 2.1733e+02 2.1693e+02 2.1655e+02 2.1618e+02 2.1581e+02 2.1546e+02 2.1512e+02 2.1478e+02 2.1445e+02 2.1413e+02 2.1382e+02 2.1351e+02 2.1320e+02 2.1291e+02 2.1261e+02 2.1233e+02 2.1205e+02 2.1177e+02 2.1149e+02 2.1122e+02 2.1095e+02 2.1069e+02 2.1044e+02 2.1019e+02 2.0995e+02 2.0971e+02 2.0948e+02 2.0925e+02 2.0902e+02 2.0880e+02 2.0858e+02 2.0836e+02 2.0815e+02 2.0793e+02 2.0773e+02 2.0753e+02 2.0733e+02 2.0714e+02 2.0695e+02 2.0676e+02 2.0658e+02 2.0641e+02 2.0624e+02 2.0607e+02 2.0591e+02 2.0575e+02 2.0559e+02 2.0543e+02 2.0528e+02 2.0514e+02 2.0499e+02 2.0485e+02 2.0471e+02 2.0458e+02 2.0444e+02 2.0432e+02
# shear resistance history (mean, kN)
1.1991e+03 1.1991e+03 1.1991e+03 1.1991e+03 1.1991e+03 1.1991e+03 1.1991e+03 1.1991e+03 1.1991e+03 1.1991e+03 1.1991e+03 1.1991e+03 1.1991e+03 1.1991e+03 1.1991e+03 1.1991e+03 1.1991e+03 1.1991e+03 1.1991e+03 1.1991e+03 1.1991e+03 1.1991e+03 1.1991e+03 1.1991e+03 1.1991e+03 1.1991e+03 1.1991e+03 1.1991e+03 1.1991e+03 1.1991e+03 1.1991e+03 1.1991e+03 1.1991e+03 1.1991e+03 1.1991e+03 1.1991e+03 1.1991e+03 2.1818e+03 2.1818e+03 2.1818e+03 2.1818e+03 2.1818e+03 2.1818e+03 2.1818e+03 2.1818e+03 2.1818e+03 2.1818e+03 2.1818e+03 2.1818e+03 2.1818e+03 2.1818e+03 2.1818e+03 2.1818e+03 2.1818e+03 2.1818e+03 2.1818e+03 2.1818e+03 2.1818e+03 2.1818e+03 2.1818e+03 2.1818e+03 2.1818e+03 2.1818e+03 2.1818e+03 2.1818e+03
# shear resistance history (std, kN)
1.7715e+02 1.7715e+02 1.7715e+02 1.7715e+02 1.7715e+02 1.7715e+02 1.7715e+02 1.7715e+02 1.7715e+02 1.7715e+02 1.7715e+02 1.7715e+02 1.7715e+02 1.7715e+02 1.7715e+02 1.7715e+02 1.7715e+02 1.7715e+02 1.7715e+02 1.7715e+02 1.7715e+02 1.7715e+02 1.7715e+02 1.7715e+02 1.7715e+02 1.7715e+02 1.7715e+02 1.7715e+02 1.7715e+02 1.7715e+02 1.7715e+02 1.7715e+02 1.7715e+02 1.7715e+02 1.7715e+02 1.7715e+02 1.7715e+02 5.2900e+02 5.2900e+02 5.2900e+02 5.2900e+02 5.2900e+02 5.2900e+02 5.2900e+02 5.2900e+02 5.2900e+02 5.2900e+02 5.2900e+02 5.2900e+02 5.2900e+02 5.2900e+02 5.2900e+02 5.2900e+02 5.2900e+02 5.2900e+02 5.2900e+02 5.2900e+02 5.2900e+02 5.2900e+02 5.2900e+02 5.2900e+02 5.2900e+02 5.2900e+02 5.2900e+02 5.2900e+02
