# service life
2 4 6 8 10 12 14 16 18 20 22 24 26 28 30 32 34 36 38 40 42 44 46 48 50 52 54 56 58 60 62 64 66 68 70 72 74 76 78 80 82 84 86 88 90 92 94 96 98 100 102 104 106 108 110 112 114 116 118 120 122 124 126 128 130
# chloride history (mean)
3.3010e-01 7.4471e-01 1.0551e+00 1.2923e+00 1.4806e+00 1.6355e+00 2.5584e+00 3.1992e+00 3.5827e+00 3.8119e+00 3.9232e+00 3.9562e+00 3.9742e+00 3.9900e+00 4.0043e+00 4.0174e+00 4.0293e+00 4.0403e+00 4.0505e+00 4.0600e+00 4.0688e+00 4.0770e+00 4.0848e+00 4.0921e+00 4.0990e+00 4.1055e+00 4.1117e+00 4.1175e+00 4.1231e+00 4.1284e+00 4.1335e+00 4.1383e+00 4.1430e+00 4.1474e+00 4.1517e+00 4.1558e+00 4.1597e+00 4.1635e+00 4.1672e+00 4.1707e+00 4.1741e+00 4.1774e+00 4.1806e+00 4.1837e+00 4.1867e+00 4.1896e+00 4.1924e+00 4.1952e+00 4.1978e+00 4.2004e+00 4.2029e+00 4.2053e+00 4.2077e+00 4.2100e+00 4.2123e+00 4.2145e+00 4.2166e+00 4.2187e+00 4.2208e+00 4.2228e+00 4.2247e+00 4.2266e+00 4.2285e+00 4.2303e+00 4.2321e+00
# chloride history (std)
2.1732e-01 3.1774e-01 3.7459e-01 4.1845e-01 4.5621e-01 4.9146e-01 7.4390e-01 9.6682e-01 1.1283e+00 1.2347e+00 1.2916e+00 1.3109e+00 1.3189e+00 1.3259e+00 1.3322e+00 1.3380e+00 1.3433e+00 1.3482e+00 1.3528e+00 1.3570e+00 1.3609e+00 1.3646e+00 1.3681e+00 1.3713e+00 1.3744e+00 1.3773e+00 1.3801e+00 1.3827e+00 1.3852e+00 1.3876e+00 1.3899e+00 1.3921e+00 1.3941e+00 1.3961e+00 1.3981e+00 1.3999e+00 1.4017e+00 1.4034e+00 1.4050e+00 1.4066e+00 1.4082e+00 1.4097e+00 1.4111e+00 1.4125e+00 1.4138e+00 1.4151e+00 1.4164e+00 1.4176e+00 1.4188e+00 1.4200e+00 1.4211e+00 1.4222e+00 1.4233e+00 1.4243e+00 1.4254e+00 1.4264e+00 1.4273e+00 1.4283e+00 1.4292e+00 1.4301e+00 1.4310e+00 1.4318e+00 1.4327e+00 1.4335e+00 1.4343e+00
# corrosion prob history
3.4197e-02 3.0322e-01 7.2109e-01 9.7411e-01 9.9988e-01 1.0000e+00 1.0000e+00 1.0000e+00 1.0000e+00 1.0000e+00 1.0000e+00 1.0000e+00 1.0000e+00 1.0000e+00 1.0000e+00 1.0000e+00 1.0000e+00 1.0000e+00 1.0000e+00 1.0000e+00 1.0000e+00 1.0000e+00 1.0000e+00 1.0000e+00 1.0000e+00 1.0000e+00 1.0000e+00 1.0000e+00 1.0000e+00 1.0000e+00 1.0000e+00 1.0000e+00 1.0000e+00 1.0000e+00 1.0000e+00 1.0000e+00 1.0000e+00 1.0000e+00 1.0000e+00 1.0000e+00 1.0000e+00 1.0000e+00 1.0000e+00 1.0000e+00 1.0000e+00 1.0000e+00 1.0000e+00 1.0000e+00 1.0000e+00 1.0000e+00 1.0000e+00 1.0000e+00 1.0000e+00 1.0000e+00 1.0000e+00 1.0000e+00 1.0000e+00 1.0000e+00 1.0000e+00 1.0000e+00 1.0000e+00 1.0000e+00 1.0000e+00 1.0000e+00 1.0000e+00
# corrosion rate history (mean)
2.7944e-02 2.5170e-01 6.0825e-01 8.1269e-01 8.0685e-01 7.9471e-01 1.0827e+00 1.2368e+00 1.3004e+00 1.3194e+00 1.3093e+00 1.2828e+00 1.2570e+00 1.2343e+00 1.2141e+00 1.1960e+00 1.1797e+00 1.1649e+00 1.1513e+00 1.1388e+00 1.1272e+00 1.1164e+00 1.1064e+00 1.0970e+00 1.0882e+00 1.0799e+00 1.0720e+00 1.0646e+00 1.0576e+00 1.0509e+00 1.0445e+00 1.0384e+00 1.0326e+00 1.0271e+00 1.0217e+00 1.0166e+00 1.0117e+00 1.0070e+00 1.0025e+00 9.9807e-01 9.9384e-01 9.8976e-01 9.8581e-01 9.8200e-01 9.7830e-01 9.7471e-01 9.7124e-01 9.6787e-01 9.6459e-01 9.6141e-01 9.5832e-01 9.5531e-01 9.5238e-01 9.4953e-01 9.4675e-01 9.4404e-01 9.4139e-01 9.3881e-01 9.3629e-01 9.3383e-01 9.3143e-01 9.2908e-01 9.2678e-01 9.2453e-01 9.2233e-01
# corrosion rate history (std)
1.5569e-01 4.0832e-01 4.4003e-01 2.8967e-01 2.4731e-01 2.3970e-01 3.2831e-01 3.8575e-01 4.1489e-01 4.2704e-01 4.2687e-01 4.1867e-01 4.1021e-01 4.0278e-01 3.9622e-01 3.9036e-01 3.8509e-01 3.8031e-01 3.7594e-01 3.7192e-01 3.6821e-01 3.6476e-01 3.6155e-01 3.5855e-01 3.5573e-01 3.5308e-01 3.5057e-01 3.4820e-01 3.4596e-01 3.4383e-01 3.4179e-01 3.3986e-01 3.3801e-01 3.3624e-01 3.3454e-01 3.3291e-01 3.3135e-01 3.2984e-01 3.2840e-01 3.2700e-01 3.2565e-01 3.2435e-01 3.2309e-01 3.2188e-01 3.2070e-01 3.1956e-01 3.1845e-01 3.1737e-01 3.1633e-01 3.1532e-01 3.1433e-01 3.1337e-01 3.1244e-01 3.1153e-01 3.1064e-01 3.0978e-01 3.0893e-01 3.0811e-01 3.0731e-01 3.0652e-01 3.0575e-01 3.0500e-01 3.0427e-01 3.0355e-01 3.0285e-01
# mean corrosion rate history (mean, outdated no use)
2.7944e-02 2.5170e-01 6.0825e-01 8.1269e-01 8.0685e-01 7.9471e-01 1.0827e+00 1.2368e+00 1.3004e+00 1.3194e+00 1.3093e+00 1.2828e+00 1.2570e+00 1.2343e+00 1.2141e+00 1.1960e+00 1.1797e+00 1.1649e+00 1.1513e+00 1.1388e+00 1.1272e+00 1.1164e+00 1.1064e+00 1.0970e+00 1.0882e+00 1.0799e+00 1.0720e+00 1.0646e+00 1.0576e+00 1.0509e+00 1.0445e+00 1.0384e+00 1.0326e+00 1.0271e+00 1.0217e+00 1.0166e+00 1.0117e+00 1.0070e+00 1.0025e+00 9.9807e-01 9.9384e-01 9.8976e-01 9.8581e-01 9.8200e-01 9.7830e-01 9.7471e-01 9.7124e-01 9.6787e-01 9.6459e-01 9.6141e-01 9.5832e-01 9.5531e-01 9.5238e-01 9.4953e-01 9.4675e-01 9.4404e-01 9.4139e-01 9.3881e-01 9.3629e-01 9.3383e-01 9.3143e-01 9.2908e-01 9.2678e-01 9.2453e-01 9.2233e-01
# mean corrosion rate history (std, outdated no use)
1.5569e-01 4.0832e-01 4.4003e-01 2.8967e-01 2.4731e-01 2.3970e-01 3.2831e-01 3.8575e-01 4.1489e-01 4.2704e-01 4.2687e-01 4.1867e-01 4.1021e-01 4.0278e-01 3.9622e-01 3.9036e-01 3.8509e-01 3.8031e-01 3.7594e-01 3.7192e-01 3.6821e-01 3.6476e-01 3.6155e-01 3.5855e-01 3.5573e-01 3.5308e-01 3.5057e-01 3.4820e-01 3.4596e-01 3.4383e-01 3.4179e-01 3.3986e-01 3.3801e-01 3.3624e-01 3.3454e-01 3.3291e-01 3.3135e-01 3.2984e-01 3.2840e-01 3.2700e-01 3.2565e-01 3.2435e-01 3.2309e-01 3.2188e-01 3.2070e-01 3.1956e-01 3.1845e-01 3.1737e-01 3.1633e-01 3.1532e-01 3.1433e-01 3.1337e-01 3.1244e-01 3.1153e-01 3.1064e-01 3.0978e-01 3.0893e-01 3.0811e-01 3.0731e-01 3.0652e-01 3.0575e-01 3.0500e-01 3.0427e-01 3.0355e-01 3.0285e-01
# residual diameter history (mean)
3.5799e+01 3.5790e+01 3.5767e+01 3.5737e+01 3.5707e+01 3.5677e+01 3.5637e+01 3.5591e+01 3.5542e+01 3.5493e+01 3.5444e+01 3.5397e+01 3.5350e+01 3.5304e+01 3.5259e+01 3.5214e+01 3.5170e+01 3.5127e+01 3.5084e+01 3.5042e+01 3.5000e+01 3.4958e+01 3.4917e+01 3.4876e+01 3.4836e+01 3.4795e+01 3.4756e+01 3.4716e+01 3.4677e+01 3.4637e+01 3.4599e+01 3.4560e+01 3.4522e+01 3.4483e+01 3.4445e+01 3.4407e+01 3.4370e+01 3.4332e+01 3.4295e+01 3.4258e+01 3.4221e+01 3.4184e+01 3.4147e+01 3.4111e+01 3.4074e+01 3.4038e+01 3.4002e+01 3.3966e+01 3.3930e+01 3.3894e+01 3.3858e+01 3.3823e+01 3.3787e+01 3.3752e+01 3.3717e+01 3.3682e+01 3.3647e+01 3.3612e+01 3.3577e+01 3.3542e+01 3.3507e+01 3.3473e+01 3.3438e+01 3.3404e+01 3.3370e+01
# residual diameter history (std)
5.7946e-03 1.7949e-02 2.8730e-02 3.3670e-02 3.9525e-02 4.6649e-02 5.6203e-02 6.7691e-02 8.0655e-02 9.4585e-02 1.0896e-01 1.2343e-01 1.3786e-01 1.5220e-01 1.6643e-01 1.8053e-01 1.9452e-01 2.0838e-01 2.2212e-01 2.3575e-01 2.4927e-01 2.6268e-01 2.7599e-01 2.8920e-01 3.0233e-01 3.1536e-01 3.2832e-01 3.4119e-01 3.5399e-01 3.6671e-01 3.7937e-01 3.9196e-01 4.0448e-01 4.1694e-01 4.2934e-01 4.4169e-01 4.5398e-01 4.6622e-01 4.7840e-01 4.9054e-01 5.0263e-01 5.1467e-01 5.2666e-01 5.3862e-01 5.5053e-01 5.6240e-01 5.7423e-01 5.8602e-01 5.9777e-01 6.0949e-01 6.2117e-01 6.3281e-01 6.4442e-01 6.5600e-01 6.6755e-01 6.7907e-01 6.9055e-01 7.0201e-01 7.1343e-01 7.2483e-01 7.3620e-01 7.4754e-01 7.5885e-01 7.7014e-01 7.8141e-01
# radial pressure history (mean)
1.0000e+00 1.0019e+00 1.1983e+00 4.7652e+00 1.4140e+01 2.3897e+01 3.7293e+01 5.2657e+01 6.8827e+01 8.5227e+01 1.0148e+02 1.1738e+02 1.3292e+02 1.4816e+02 1.6313e+02 1.7785e+02 1.9235e+02 2.0665e+02 2.2076e+02 2.3469e+02 2.4847e+02 2.6209e+02 2.7557e+02 2.8893e+02 3.0215e+02 3.1526e+02 3.2826e+02 3.4115e+02 3.5394e+02 3.6663e+02 3.7923e+02 3.9174e+02 4.0416e+02 4.1651e+02 4.2877e+02 4.4096e+02 4.5308e+02 4.6512e+02 4.7710e+02 4.8900e+02 5.0085e+02 5.1263e+02 5.2435e+02 5.3601e+02 5.4762e+02 5.5917e+02 5.7066e+02 5.8210e+02 5.9349e+02 6.0483e+02 6.1612e+02 6.2736e+02 6.3855e+02 6.4970e+02 6.6080e+02 6.7185e+02 6.8287e+02 6.9384e+02 7.0477e+02 7.1565e+02 7.2650e+02 7.3731e+02 7.4808e+02 7.5881e+02 7.6950e+02
# radial pressure history (std)
4.0565e-08 3.5878e-02 7.3223e-01 3.0181e+00 4.8401e+00 8.0855e+00 1.3579e+01 2.0421e+01 2.7903e+01 3.5639e+01 4.3374e+01 5.0954e+01 5.8368e+01 6.5631e+01 7.2759e+01 7.9763e+01 8.6657e+01 9.3448e+01 1.0015e+02 1.0676e+02 1.1328e+02 1.1974e+02 1.2612e+02 1.3244e+02 1.3869e+02 1.4488e+02 1.5102e+02 1.5710e+02 1.6313e+02 1.6912e+02 1.7505e+02 1.8094e+02 1.8679e+02 1.9259e+02 1.9836e+02 2.0408e+02 2.0977e+02 2.1542e+02 2.2104e+02 2.2662e+02 2.3217e+02 2.3769e+02 2.4318e+02 2.4863e+02 2.5406e+02 2.5945e+02 2.6482e+02 2.7016e+02 2.7547e+02 2.8076e+02 2.8602e+02 2.9126e+02 2.9647e+02 3.0166e+02 3.0682e+02 3.1196e+02 3.1708e+02 3.2217e+02 3.2724e+02 3.3229e+02 3.3732e+02 3.4233e+02 3.4732e+02 3.5229e+02 3.5723e+02
# crack prob history
7.6502e-254 6.4835e-83 3.9896e-24 4.7631e-04 9.9726e-01 1.0000e+00 1.0000e+00 1.0000e+00 1.0000e+00 1.0000e+00 1.0000e+00 1.0000e+00 1.0000e+00 1.0000e+00 1.0000e+00 1.0000e+00 1.0000e+00 1.0000e+00 1.0000e+00 1.0000e+00 1.0000e+00 1.0000e+00 1.0000e+00 1.0000e+00 1.0000e+00 1.0000e+00 1.0000e+00 1.0000e+00 1.0000e+00 1.0000e+00 1.0000e+00 1.0000e+00 1.0000e+00 1.0000e+00 1.0000e+00 1.0000e+00 1.0000e+00 1.0000e+00 1.0000e+00 1.0000e+00 1.0000e+00 1.0000e+00 1.0000e+00 1.0000e+00 1.0000e+00 1.0000e+00 1.0000e+00 1.0000e+00 1.0000e+00 1.0000e+00 1.0000e+00 1.0000e+00 1.0000e+00 1.0000e+00 1.0000e+00 1.0000e+00 1.0000e+00 1.0000e+00 1.0000e+00 1.0000e+00 1.0000e+00 1.0000e+00 1.0000e+00 1.0000e+00 1.0000e+00
# ds at crack history (mean)
2.7373e-252 2.3193e-81 1.4262e-22 1.7025e-02 3.5609e+01 3.5707e+01 3.5707e+01 3.5707e+01 3.5707e+01 3.5707e+01 3.5707e+01 3.5707e+01 3.5707e+01 3.5707e+01 3.5707e+01 3.5707e+01 3.5707e+01 3.5707e+01 3.5707e+01 3.5707e+01 3.5707e+01 3.5707e+01 3.5707e+01 3.5707e+01 3.5707e+01 3.5707e+01 3.5707e+01 3.5707e+01 3.5707e+01 3.5707e+01 3.5707e+01 3.5707e+01 3.5707e+01 3.5707e+01 3.5707e+01 3.5707e+01 3.5707e+01 3.5707e+01 3.5707e+01 3.5707e+01 3.5707e+01 3.5707e+01 3.5707e+01 3.5707e+01 3.5707e+01 3.5707e+01 3.5707e+01 3.5707e+01 3.5707e+01 3.5707e+01 3.5707e+01 3.5707e+01 3.5707e+01 3.5707e+01 3.5707e+01 3.5707e+01 3.5707e+01 3.5707e+01 3.5707e+01 3.5707e+01 3.5707e+01 3.5707e+01 3.5707e+01 3.5707e+01 3.5707e+01
# ds at crack history (std)
9.8990e-126 2.8812e-40 7.1422e-11 7.8011e-01 1.8680e+00 5.3434e-02 3.9535e-02 3.9535e-02 3.9535e-02 3.9535e-02 3.9535e-02 3.9535e-02 3.9535e-02 3.9535e-02 3.9535e-02 3.9535e-02 3.9535e-02 3.9535e-02 3.9535e-02 3.9535e-02 3.9535e-02 3.9535e-02 3.9535e-02 3.9535e-02 3.9535e-02 3.9535e-02 3.9535e-02 3.9535e-02 3.9535e-02 3.9535e-02 3.9535e-02 3.9535e-02 3.9535e-02 3.9535e-02 3.9535e-02 3.9535e-02 3.9535e-02 3.9535e-02 3.9535e-02 3.9535e-02 3.9535e-02 3.9535e-02 3.9535e-02 3.9535e-02 3.9535e-02 3.9535e-02 3.9535e-02 3.9535e-02 3.9535e-02 3.9535e-02 3.9535e-02 3.9535e-02 3.9535e-02 3.9535e-02 3.9535e-02 3.9535e-02 3.9535e-02 3.9535e-02 3.9535e-02 3.9535e-02 3.9535e-02 3.9535e-02 3.9535e-02 3.9535e-02 3.9535e-02
# crack width history (mean)
0.0000e+00 7.3067e-255 4.8610e-84 3.4195e-25 4.2456e-05 1.3175e-01 3.1046e-01 5.1346e-01 7.2611e-01 9.4131e-01 1.1544e+00 1.3629e+00 1.5670e+00 1.7671e+00 1.9636e+00 2.1570e+00 2.3475e+00 2.5353e+00 2.7208e+00 2.9040e+00 3.0851e+00 3.2642e+00 3.4416e+00 3.6172e+00 3.7912e+00 3.9637e+00 4.1347e+00 4.3043e+00 4.4727e+00 4.6397e+00 4.8056e+00 4.9703e+00 5.1339e+00 5.2964e+00 5.4579e+00 5.6185e+00 5.7780e+00 5.9367e+00 6.0945e+00 6.2514e+00 6.4074e+00 6.5627e+00 6.7172e+00 6.8709e+00 7.0238e+00 7.1760e+00 7.3276e+00 7.4784e+00 7.6286e+00 7.7781e+00 7.9270e+00 8.0752e+00 8.2228e+00 8.3699e+00 8.5163e+00 8.6622e+00 8.8075e+00 8.9523e+00 9.0965e+00 9.2402e+00 9.3834e+00 9.5261e+00 9.6682e+00 9.8099e+00 9.9511e+00
# crack width history (std)
0.0000e+00 2.6424e-128 6.0385e-43 1.7128e-13 1.9554e-03 1.8581e-02 3.0552e-02 3.6045e-02 3.7311e-02 3.6347e-02 3.4062e-02 3.1934e-02 3.0613e-02 3.0175e-02 3.0611e-02 3.1854e-02 3.3792e-02 3.6299e-02 3.9253e-02 4.2553e-02 4.6117e-02 4.9881e-02 5.3798e-02 5.7832e-02 6.1956e-02 6.6149e-02 7.0396e-02 7.4684e-02 7.9004e-02 8.3348e-02 8.7710e-02 9.2086e-02 9.6473e-02 1.0087e-01 1.0526e-01 1.0967e-01 1.1407e-01 1.1847e-01 1.2287e-01 1.2727e-01 1.3167e-01 1.3606e-01 1.4046e-01 1.4484e-01 1.4923e-01 1.5361e-01 1.5799e-01 1.6236e-01 1.6673e-01 1.7110e-01 1.7546e-01 1.7982e-01 1.8418e-01 1.8854e-01 1.9289e-01 1.9724e-01 2.0158e-01 2.0593e-01 2.1028e-01 2.1462e-01 2.1896e-01 2.2330e-01 2.2764e-01 2.3199e-01 2.3633e-01
# cracked concrete diffusion history (fw, mean)
1.0000e+00 1.0000e+00 1.0000e+00 1.0000e+00 1.0004e+00 2.3662e+00 5.1382e+00 9.5474e+00 1.5322e+01 1.9304e+01 1.9975e+01 1.9999e+01 2.0000e+01 2.0000e+01 2.0000e+01 2.0000e+01 2.0000e+01 2.0000e+01 2.0000e+01 2.0000e+01 2.0000e+01 2.0000e+01 2.0000e+01 2.0000e+01 2.0000e+01 2.0000e+01 2.0000e+01 2.0000e+01 2.0000e+01 2.0000e+01 2.0000e+01 2.0000e+01 2.0000e+01 2.0000e+01 2.0000e+01 2.0000e+01 2.0000e+01 2.0000e+01 2.0000e+01 2.0000e+01 2.0000e+01 2.0000e+01 2.0000e+01 2.0000e+01 2.0000e+01 2.0000e+01 2.0000e+01 2.0000e+01 2.0000e+01 2.0000e+01 2.0000e+01 2.0000e+01 2.0000e+01 2.0000e+01 2.0000e+01 2.0000e+01 2.0000e+01 2.0000e+01 2.0000e+01 2.0000e+01 2.0000e+01 2.0000e+01 2.0000e+01 2.0000e+01 2.0000e+01
# cracked concrete diffusion history (fw, std)
4.0565e-08 4.0565e-08 4.0565e-08 4.0565e-08 1.8755e-02 3.5206e-01 1.0660e+00 2.1390e+00 2.9660e+00 1.4386e+00 2.7639e-01 4.3741e-02 6.4903e-07 6.4903e-07 6.4903e-07 6.4903e-07 6.4903e-07 6.4903e-07 6.4903e-07 6.4903e-07 6.4903e-07 6.4903e-07 6.4903e-07 6.4903e-07 6.4903e-07 6.4903e-07 6.4903e-07 6.4903e-07 6.4903e-07 6.4903e-07 6.4903e-07 6.4903e-07 6.4903e-07 6.4903e-07 6.4903e-07 6.4903e-07 6.4903e-07 6.4903e-07 6.4903e-07 6.4903e-07 6.4903e-07 6.4903e-07 6.4903e-07 6.4903e-07 6.4903e-07 6.4903e-07 6.4903e-07 6.4903e-07 6.4903e-07 6.4903e-07 6.4903e-07 6.4903e-07 6.4903e-07 6.4903e-07 6.4903e-07 6.4903e-07 6.4903e-07 6.4903e-07 6.4903e-07 6.4903e-07 6.4903e-07 6.4903e-07 6.4903e-07 6.4903e-07 8.7077e-07
# flexural resistance history (mean, kNm)
1.6387e+03 1.6381e+03 1.6366e+03 1.6346e+03 1.6326e+03 1.6307e+03 1.6280e+03 1.6250e+03 1.6218e+03 1.6186e+03 1.6154e+03 1.6123e+03 1.6092e+03 1.6062e+03 1.6032e+03 1.6003e+03 1.5975e+03 1.5946e+03 1.5918e+03 1.5890e+03 1.5863e+03 1.5835e+03 1.5808e+03 1.5781e+03 1.5754e+03 1.5727e+03 1.5700e+03 1.5674e+03 1.5647e+03 1.5620e+03 1.5594e+03 1.5567e+03 1.5541e+03 1.5515e+03 1.5488e+03 1.5462e+03 1.5436e+03 1.5410e+03 1.5384e+03 1.5357e+03 1.5331e+03 1.5305e+03 1.5280e+03 1.5254e+03 1.5228e+03 1.5202e+03 1.5176e+03 1.5151e+03 1.5125e+03 1.5100e+03 1.5074e+03 1.5049e+03 1.5023e+03 1.4998e+03 1.4973e+03 1.4948e+03 1.4923e+03 1.4898e+03 1.4873e+03 1.4848e+03 1.4823e+03 1.4798e+03 1.4773e+03 1.4749e+03 1.4724e+03
# flexural resistance history (std, kNm)
2.1873e+02 2.1864e+02 2.1848e+02 2.1825e+02 2.1802e+02 2.1780e+02 2.1750e+02 2.1716e+02 2.1681e+02 2.1646e+02 2.1612e+02 2.1579e+02 2.1547e+02 2.1516e+02 2.1486e+02 2.1458e+02 2.1429e+02 2.1402e+02 2.1375e+02 2.1348e+02 2.1322e+02 2.1297e+02 2.1272e+02 2.1247e+02 2.1223e+02 2.1200e+02 2.1177e+02 2.1155e+02 2.1133e+02 2.1112e+02 2.1090e+02 2.1069e+02 2.1049e+02 2.1029e+02 2.1009e+02 2.0990e+02 2.0972e+02 2.0954e+02 2.0936e+02 2.0918e+02 2.0901e+02 2.0884e+02 2.0868e+02 2.0851e+02 2.0836e+02 2.0820e+02 2.0805e+02 2.0790e+02 2.0776e+02 2.0761e+02 2.0748e+02 2.0734e+02 2.0721e+02 2.0708e+02 2.0695e+02 2.0683e+02 2.0670e+02 2.0659e+02 2.0647e+02 2.0636e+02 2.0625e+02 2.0614e+02 2.0604e+02 2.0594e+02 2.0585e+02
# shear resistance history (mean, kN)
1.1992e+03 1.1992e+03 1.1992e+03 1.1992e+03 1.1992e+03 1.1992e+03 1.1992e+03 1.1992e+03 1.1992e+03 1.1992e+03 1.1992e+03 1.1992e+03 1.1992e+03 1.1992e+03 1.1992e+03 1.1992e+03 1.1992e+03 1.1992e+03 1.1992e+03 1.1992e+03 1.1992e+03 1.1992e+03 1.1992e+03 1.1992e+03 1.1992e+03 1.1992e+03 1.1992e+03 1.1992e+03 1.1992e+03 1.1992e+03 1.1992e+03 1.1992e+03 1.1992e+03 1.1992e+03 1.1992e+03 1.1992e+03 1.1992e+03 2.3783e+03 2.3783e+03 2.3783e+03 2.3783e+03 2.3783e+03 2.3783e+03 2.3783e+03 2.3783e+03 2.3783e+03 2.3783e+03 2.3783e+03 2.3783e+03 2.3783e+03 2.3783e+03 2.3783e+03 2.3783e+03 2.3783e+03 2.3783e+03 2.3783e+03 2.3783e+03 2.3783e+03 2.3783e+03 2.3783e+03 2.3783e+03 2.3783e+03 2.3783e+03 2.3783e+03 2.3783e+03
# shear resistance history (std, kN)
1.7769e+02 1.7769e+02 1.7769e+02 1.7769e+02 1.7769e+02 1.7769e+02 1.7769e+02 1.7769e+02 1.7769e+02 1.7769e+02 1.7769e+02 1.7769e+02 1.7769e+02 1.7769e+02 1.7769e+02 1.7769e+02 1.7769e+02 1.7769e+02 1.7769e+02 1.7769e+02 1.7769e+02 1.7769e+02 1.7769e+02 1.7769e+02 1.7769e+02 1.7769e+02 1.7769e+02 1.7769e+02 1.7769e+02 1.7769e+02 1.7769e+02 1.7769e+02 1.7769e+02 1.7769e+02 1.7769e+02 1.7769e+02 1.7769e+02 5.8114e+02 5.8114e+02 5.8114e+02 5.8114e+02 5.8114e+02 5.8114e+02 5.8114e+02 5.8114e+02 5.8114e+02 5.8114e+02 5.8114e+02 5.8114e+02 5.8114e+02 5.8114e+02 5.8114e+02 5.8114e+02 5.8114e+02 5.8114e+02 5.8114e+02 5.8114e+02 5.8114e+02 5.8114e+02 5.8114e+02 5.8114e+02 5.8114e+02 5.8114e+02 5.8114e+02 5.8114e+02
