# service life
2 4 6 8 10 12 14 16 18 20 22 24 26 28 30 32 34 36 38 40 42 44 46 48 50 52 54 56 58 60 62 64 66 68 70 72 74 76 78 80 82 84 86 88 90 92 94 96 98 100 102 104 106 108 110 112 114 116 118 120 122 124 126 128 130
# chloride history (mean)
1.4592e-01 3.3789e-01 5.0080e-01 6.4533e-01 7.8219e-01 9.1540e-01 1.0441e+00 1.1669e+00 1.2826e+00 1.3905e+00 1.4905e+00 1.5828e+00 1.6677e+00 1.7453e+00 1.8163e+00 1.8812e+00 1.9403e+00 1.9945e+00 2.0440e+00 2.0893e+00 2.1307e+00 2.1685e+00 2.2033e+00 2.2352e+00 2.2644e+00 2.2914e+00 2.3163e+00 2.3395e+00 2.3610e+00 2.3810e+00 2.3996e+00 2.4168e+00 2.4327e+00 2.4476e+00 2.4616e+00 2.4746e+00 2.4869e+00 2.4983e+00 2.5091e+00 2.5193e+00 2.5288e+00 2.5378e+00 2.5463e+00 2.5544e+00 2.5620e+00 2.5692e+00 2.5761e+00 2.5826e+00 2.5888e+00 2.5947e+00 2.6003e+00 2.6057e+00 2.6108e+00 2.6157e+00 2.6204e+00 2.6249e+00 2.6292e+00 2.6334e+00 2.6373e+00 2.6411e+00 2.6448e+00 2.6483e+00 2.6517e+00 2.6549e+00 2.6581e+00
# chloride history (std)
2.2847e-01 3.7095e-01 4.8975e-01 6.2098e-01 7.6326e-01 9.0140e-01 1.0249e+00 1.1295e+00 1.2157e+00 1.2852e+00 1.3406e+00 1.3845e+00 1.4190e+00 1.4457e+00 1.4660e+00 1.4813e+00 1.4925e+00 1.5006e+00 1.5059e+00 1.5091e+00 1.5107e+00 1.5111e+00 1.5104e+00 1.5089e+00 1.5069e+00 1.5045e+00 1.5017e+00 1.4987e+00 1.4955e+00 1.4923e+00 1.4891e+00 1.4859e+00 1.4827e+00 1.4796e+00 1.4765e+00 1.4735e+00 1.4706e+00 1.4678e+00 1.4651e+00 1.4625e+00 1.4600e+00 1.4576e+00 1.4553e+00 1.4532e+00 1.4511e+00 1.4491e+00 1.4472e+00 1.4454e+00 1.4436e+00 1.4420e+00 1.4405e+00 1.4390e+00 1.4375e+00 1.4362e+00 1.4349e+00 1.4337e+00 1.4325e+00 1.4315e+00 1.4304e+00 1.4294e+00 1.4285e+00 1.4276e+00 1.4268e+00 1.4260e+00 1.4252e+00
# corrosion prob history
1.9869e-02 8.1458e-02 1.5747e-01 2.3221e-01 2.9923e-01 3.5917e-01 4.1108e-01 4.5672e-01 4.9639e-01 5.3130e-01 5.6216e-01 5.8922e-01 6.1365e-01 6.3537e-01 6.5462e-01 6.7222e-01 6.8798e-01 7.0233e-01 7.1533e-01 7.2738e-01 7.3835e-01 7.4839e-01 7.5782e-01 7.6634e-01 7.7445e-01 7.8186e-01 7.8877e-01 7.9522e-01 8.0121e-01 8.0680e-01 8.1216e-01 8.1704e-01 8.2186e-01 8.2627e-01 8.3043e-01 8.3427e-01 8.3799e-01 8.4140e-01 8.4482e-01 8.4805e-01 8.5110e-01 8.5407e-01 8.5682e-01 8.5940e-01 8.6203e-01 8.6437e-01 8.6663e-01 8.6886e-01 8.7105e-01 8.7311e-01 8.7511e-01 8.7705e-01 8.7888e-01 8.8063e-01 8.8227e-01 8.8394e-01 8.8556e-01 8.8707e-01 8.8853e-01 8.8991e-01 8.9124e-01 8.9258e-01 8.9385e-01 8.9504e-01 8.9617e-01
# corrosion rate history (mean)
2.1746e-02 8.2093e-02 1.4737e-01 2.0844e-01 2.6337e-01 3.1379e-01 3.5816e-01 3.9712e-01 4.3045e-01 4.5919e-01 4.8351e-01 5.0413e-01 5.2170e-01 5.3637e-01 5.4872e-01 5.5910e-01 5.6762e-01 5.7478e-01 5.8066e-01 5.8561e-01 5.8956e-01 5.9272e-01 5.9537e-01 5.9721e-01 5.9875e-01 5.9981e-01 6.0053e-01 6.0093e-01 6.0108e-01 6.0104e-01 6.0091e-01 6.0045e-01 5.9999e-01 5.9928e-01 5.9850e-01 5.9761e-01 5.9670e-01 5.9564e-01 5.9470e-01 5.9365e-01 5.9256e-01 5.9150e-01 5.9035e-01 5.8917e-01 5.8807e-01 5.8683e-01 5.8566e-01 5.8451e-01 5.8339e-01 5.8221e-01 5.8108e-01 5.7992e-01 5.7879e-01 5.7764e-01 5.7647e-01 5.7537e-01 5.7427e-01 5.7316e-01 5.7205e-01 5.7092e-01 5.6982e-01 5.6876e-01 5.6770e-01 5.6659e-01 5.6552e-01
# corrosion rate history (std)
1.7345e-01 3.0904e-01 3.9511e-01 4.6098e-01 5.1261e-01 5.5233e-01 5.8001e-01 5.9738e-01 6.0679e-01 6.1070e-01 6.1001e-01 6.0664e-01 6.0103e-01 5.9417e-01 5.8676e-01 5.7853e-01 5.7015e-01 5.6173e-01 5.5335e-01 5.4514e-01 5.3719e-01 5.2954e-01 5.2214e-01 5.1507e-01 5.0824e-01 5.0178e-01 4.9558e-01 4.8967e-01 4.8413e-01 4.7882e-01 4.7376e-01 4.6892e-01 4.6427e-01 4.5985e-01 4.5567e-01 4.5171e-01 4.4791e-01 4.4429e-01 4.4080e-01 4.3746e-01 4.3426e-01 4.3118e-01 4.2825e-01 4.2546e-01 4.2270e-01 4.2011e-01 4.1766e-01 4.1525e-01 4.1292e-01 4.1067e-01 4.0850e-01 4.0638e-01 4.0440e-01 4.0246e-01 4.0059e-01 3.9879e-01 3.9699e-01 3.9530e-01 3.9367e-01 3.9206e-01 3.9050e-01 3.8901e-01 3.8755e-01 3.8612e-01 3.8476e-01
# mean corrosion rate history (mean, outdated no use)
2.1746e-02 8.2093e-02 1.4737e-01 2.0844e-01 2.6337e-01 3.1379e-01 3.5816e-01 3.9712e-01 4.3045e-01 4.5919e-01 4.8351e-01 5.0413e-01 5.2170e-01 5.3637e-01 5.4872e-01 5.5910e-01 5.6762e-01 5.7478e-01 5.8066e-01 5.8561e-01 5.8956e-01 5.9272e-01 5.9537e-01 5.9721e-01 5.9875e-01 5.9981e-01 6.0053e-01 6.0093e-01 6.0108e-01 6.0104e-01 6.0091e-01 6.0045e-01 5.9999e-01 5.9928e-01 5.9850e-01 5.9761e-01 5.9670e-01 5.9564e-01 5.9470e-01 5.9365e-01 5.9256e-01 5.9150e-01 5.9035e-01 5.8917e-01 5.8807e-01 5.8683e-01 5.8566e-01 5.8451e-01 5.8339e-01 5.8221e-01 5.8108e-01 5.7992e-01 5.7879e-01 5.7764e-01 5.7647e-01 5.7537e-01 5.7427e-01 5.7316e-01 5.7205e-01 5.7092e-01 5.6982e-01 5.6876e-01 5.6770e-01 5.6659e-01 5.6552e-01
# mean corrosion rate history (std, outdated no use)
1.7345e-01 3.0904e-01 3.9511e-01 4.6098e-01 5.1261e-01 5.5233e-01 5.8001e-01 5.9738e-01 6.0679e-01 6.1070e-01 6.1001e-01 6.0664e-01 6.0103e-01 5.9417e-01 5.8676e-01 5.7853e-01 5.7015e-01 5.6173e-01 5.5335e-01 5.4514e-01 5.3719e-01 5.2954e-01 5.2214e-01 5.1507e-01 5.0824e-01 5.0178e-01 4.9558e-01 4.8967e-01 4.8413e-01 4.7882e-01 4.7376e-01 4.6892e-01 4.6427e-01 4.5985e-01 4.5567e-01 4.5171e-01 4.4791e-01 4.4429e-01 4.4080e-01 4.3746e-01 4.3426e-01 4.3118e-01 4.2825e-01 4.2546e-01 4.2270e-01 4.2011e-01 4.1766e-01 4.1525e-01 4.1292e-01 4.1067e-01 4.0850e-01 4.0638e-01 4.0440e-01 4.0246e-01 4.0059e-01 3.9879e-01 3.9699e-01 3.9530e-01 3.9367e-01 3.9206e-01 3.9050e-01 3.8901e-01 3.8755e-01 3.8612e-01 3.8476e-01
# residual diameter history (mean)
3.5799e+01 3.5796e+01 3.5791e+01 3.5783e+01 3.5773e+01 3.5761e+01 3.5748e+01 3.5733e+01 3.5717e+01 3.5700e+01 3.5682e+01 3.5663e+01 3.5644e+01 3.5624e+01 3.5604e+01 3.5583e+01 3.5562e+01 3.5540e+01 3.5519e+01 3.5497e+01 3.5475e+01 3.5453e+01 3.5431e+01 3.5408e+01 3.5386e+01 3.5364e+01 3.5341e+01 3.5319e+01 3.5297e+01 3.5274e+01 3.5252e+01 3.5230e+01 3.5207e+01 3.5185e+01 3.5163e+01 3.5141e+01 3.5118e+01 3.5096e+01 3.5074e+01 3.5052e+01 3.5030e+01 3.5008e+01 3.4986e+01 3.4964e+01 3.4942e+01 3.4920e+01 3.4898e+01 3.4877e+01 3.4855e+01 3.4833e+01 3.4812e+01 3.4790e+01 3.4769e+01 3.4747e+01 3.4726e+01 3.4704e+01 3.4683e+01 3.4661e+01 3.4640e+01 3.4619e+01 3.4598e+01 3.4577e+01 3.4555e+01 3.4534e+01 3.4513e+01
# residual diameter history (std)
6.4584e-03 1.6138e-02 2.8848e-02 4.3978e-02 6.1072e-02 7.9634e-02 9.9215e-02 1.1943e-01 1.4000e-01 1.6071e-01 1.8141e-01 2.0201e-01 2.2243e-01 2.4263e-01 2.6259e-01 2.8229e-01 3.0173e-01 3.2090e-01 3.3981e-01 3.5847e-01 3.7688e-01 3.9505e-01 4.1300e-01 4.3073e-01 4.4825e-01 4.6558e-01 4.8272e-01 4.9968e-01 5.1647e-01 5.3311e-01 5.4959e-01 5.6592e-01 5.8212e-01 5.9819e-01 6.1413e-01 6.2995e-01 6.4567e-01 6.6128e-01 6.7678e-01 6.9218e-01 7.0749e-01 7.2270e-01 7.3783e-01 7.5288e-01 7.6784e-01 7.8273e-01 7.9755e-01 8.1229e-01 8.2696e-01 8.4157e-01 8.5611e-01 8.7058e-01 8.8500e-01 8.9936e-01 9.1366e-01 9.2791e-01 9.4210e-01 9.5624e-01 9.7034e-01 9.8439e-01 9.9839e-01 1.0123e+00 1.0263e+00 1.0401e+00 1.0540e+00
# radial pressure history (mean)
1.0438e+00 1.2861e+00 1.9247e+00 3.1016e+00 4.8871e+00 7.2893e+00 1.0274e+01 1.3785e+01 1.7761e+01 2.2142e+01 2.6870e+01 3.1894e+01 3.7170e+01 4.2656e+01 4.8322e+01 5.4137e+01 6.0079e+01 6.6125e+01 7.2257e+01 7.8460e+01 8.4722e+01 9.1031e+01 9.7380e+01 1.0376e+02 1.1016e+02 1.1658e+02 1.2301e+02 1.2944e+02 1.3589e+02 1.4233e+02 1.4877e+02 1.5521e+02 1.6164e+02 1.6806e+02 1.7447e+02 1.8088e+02 1.8727e+02 1.9364e+02 2.0001e+02 2.0636e+02 2.1269e+02 2.1901e+02 2.2532e+02 2.3161e+02 2.3788e+02 2.4414e+02 2.5038e+02 2.5661e+02 2.6282e+02 2.6901e+02 2.7518e+02 2.8134e+02 2.8749e+02 2.9361e+02 2.9972e+02 3.0582e+02 3.1190e+02 3.1796e+02 3.2400e+02 3.3003e+02 3.3605e+02 3.4204e+02 3.4802e+02 3.5399e+02 3.5994e+02
# radial pressure history (std)
8.6212e-01 2.7517e+00 6.0268e+00 1.0537e+01 1.6009e+01 2.2178e+01 2.8821e+01 3.5764e+01 4.2876e+01 5.0070e+01 5.7286e+01 6.4483e+01 7.1631e+01 7.8715e+01 8.5720e+01 9.2641e+01 9.9474e+01 1.0622e+02 1.1287e+02 1.1944e+02 1.2593e+02 1.3233e+02 1.3865e+02 1.4489e+02 1.5106e+02 1.5716e+02 1.6320e+02 1.6916e+02 1.7507e+02 1.8092e+02 1.8671e+02 1.9244e+02 1.9812e+02 2.0376e+02 2.0934e+02 2.1488e+02 2.2038e+02 2.2583e+02 2.3124e+02 2.3661e+02 2.4194e+02 2.4723e+02 2.5249e+02 2.5772e+02 2.6290e+02 2.6806e+02 2.7318e+02 2.7828e+02 2.8334e+02 2.8837e+02 2.9338e+02 2.9835e+02 3.0330e+02 3.0823e+02 3.1312e+02 3.1799e+02 3.2284e+02 3.2766e+02 3.3246e+02 3.3724e+02 3.4199e+02 3.4672e+02 3.5143e+02 3.5612e+02 3.6079e+02
# crack prob history
2.7370e-03 1.3470e-02 3.5545e-02 6.7913e-02 1.0649e-01 1.4872e-01 1.9246e-01 2.3569e-01 2.7782e-01 3.1841e-01 3.5689e-01 3.9273e-01 4.2627e-01 4.5758e-01 4.8649e-01 5.1370e-01 5.3882e-01 5.6188e-01 5.8333e-01 6.0304e-01 6.2134e-01 6.3815e-01 6.5393e-01 6.6858e-01 6.8218e-01 6.9509e-01 7.0721e-01 7.1845e-01 7.2881e-01 7.3838e-01 7.4722e-01 7.5584e-01 7.6384e-01 7.7140e-01 7.7840e-01 7.8506e-01 7.9130e-01 7.9711e-01 8.0272e-01 8.0789e-01 8.1289e-01 8.1758e-01 8.2207e-01 8.2623e-01 8.3030e-01 8.3421e-01 8.3781e-01 8.4122e-01 8.4453e-01 8.4775e-01 8.5084e-01 8.5377e-01 8.5648e-01 8.5914e-01 8.6165e-01 8.6409e-01 8.6642e-01 8.6862e-01 8.7081e-01 8.7288e-01 8.7479e-01 8.7665e-01 8.7850e-01 8.8032e-01 8.8201e-01
# ds at crack history (mean)
9.7808e-02 4.8122e-01 1.2696e+00 2.4255e+00 3.8029e+00 5.3103e+00 6.8716e+00 8.4146e+00 9.9182e+00 1.1367e+01 1.2739e+01 1.4018e+01 1.5215e+01 1.6332e+01 1.7363e+01 1.8334e+01 1.9230e+01 2.0052e+01 2.0817e+01 2.1520e+01 2.2173e+01 2.2773e+01 2.3335e+01 2.3857e+01 2.4343e+01 2.4803e+01 2.5235e+01 2.5636e+01 2.6005e+01 2.6347e+01 2.6662e+01 2.6969e+01 2.7254e+01 2.7524e+01 2.7773e+01 2.8011e+01 2.8233e+01 2.8441e+01 2.8641e+01 2.8825e+01 2.9003e+01 2.9170e+01 2.9330e+01 2.9479e+01 2.9624e+01 2.9763e+01 2.9892e+01 3.0013e+01 3.0131e+01 3.0246e+01 3.0356e+01 3.0461e+01 3.0557e+01 3.0652e+01 3.0742e+01 3.0829e+01 3.0912e+01 3.0990e+01 3.1068e+01 3.1142e+01 3.1210e+01 3.1276e+01 3.1342e+01 3.1407e+01 3.1467e+01
# ds at crack history (std)
1.8670e+00 4.1183e+00 6.6135e+00 8.9856e+00 1.1015e+01 1.2705e+01 1.4076e+01 1.5153e+01 1.5991e+01 1.6630e+01 1.7101e+01 1.7432e+01 1.7652e+01 1.7782e+01 1.7839e+01 1.7838e+01 1.7791e+01 1.7707e+01 1.7594e+01 1.7460e+01 1.7310e+01 1.7148e+01 1.6976e+01 1.6797e+01 1.6615e+01 1.6427e+01 1.6237e+01 1.6048e+01 1.5863e+01 1.5683e+01 1.5507e+01 1.5328e+01 1.5155e+01 1.4983e+01 1.4819e+01 1.4657e+01 1.4500e+01 1.4349e+01 1.4198e+01 1.4056e+01 1.3915e+01 1.3779e+01 1.3646e+01 1.3519e+01 1.3393e+01 1.3269e+01 1.3152e+01 1.3039e+01 1.2928e+01 1.2818e+01 1.2710e+01 1.2606e+01 1.2509e+01 1.2412e+01 1.2318e+01 1.2227e+01 1.2138e+01 1.2052e+01 1.1967e+01 1.1884e+01 1.1808e+01 1.1732e+01 1.1656e+01 1.1580e+01 1.1510e+01
# crack width history (mean)
0.0000e+00 1.0479e-03 5.7407e-03 1.7286e-02 3.8143e-02 6.9433e-02 1.1121e-01 1.6294e-01 2.2376e-01 2.9273e-01 3.6893e-01 4.5150e-01 5.3957e-01 6.3243e-01 7.2939e-01 8.2984e-01 9.3331e-01 1.0394e+00 1.1477e+00 1.2579e+00 1.3696e+00 1.4828e+00 1.5970e+00 1.7122e+00 1.8282e+00 1.9448e+00 2.0619e+00 2.1795e+00 2.2974e+00 2.4156e+00 2.5339e+00 2.6524e+00 2.7709e+00 2.8894e+00 3.0079e+00 3.1263e+00 3.2447e+00 3.3629e+00 3.4810e+00 3.5989e+00 3.7166e+00 3.8342e+00 3.9515e+00 4.0686e+00 4.1855e+00 4.3021e+00 4.4186e+00 4.5347e+00 4.6506e+00 4.7663e+00 4.8816e+00 4.9968e+00 5.1116e+00 5.2262e+00 5.3405e+00 5.4545e+00 5.5683e+00 5.6818e+00 5.7950e+00 5.9080e+00 6.0206e+00 6.1330e+00 6.2451e+00 6.3570e+00 6.4686e+00
# crack width history (std)
0.0000e+00 2.4806e-02 7.3399e-02 1.4548e-01 2.3747e-01 3.4509e-01 4.6415e-01 5.9113e-01 7.2342e-01 8.5904e-01 9.9656e-01 1.1350e+00 1.2736e+00 1.4120e+00 1.5496e+00 1.6864e+00 1.8220e+00 1.9564e+00 2.0895e+00 2.2212e+00 2.3517e+00 2.4808e+00 2.6086e+00 2.7352e+00 2.8605e+00 2.9847e+00 3.1076e+00 3.2294e+00 3.3501e+00 3.4698e+00 3.5884e+00 3.7061e+00 3.8228e+00 3.9386e+00 4.0535e+00 4.1676e+00 4.2808e+00 4.3933e+00 4.5049e+00 4.6159e+00 4.7261e+00 4.8356e+00 4.9444e+00 5.0526e+00 5.1602e+00 5.2671e+00 5.3734e+00 5.4791e+00 5.5842e+00 5.6888e+00 5.7928e+00 5.8963e+00 5.9992e+00 6.1017e+00 6.2036e+00 6.3051e+00 6.4061e+00 6.5066e+00 6.6067e+00 6.7063e+00 6.8055e+00 6.9042e+00 7.0025e+00 7.1004e+00 7.1980e+00
# cracked concrete diffusion history (fw, mean)
1.0000e+00 1.0159e+00 1.0811e+00 1.2330e+00 1.4928e+00 1.8613e+00 2.3189e+00 2.8431e+00 3.4130e+00 4.0128e+00 4.6249e+00 5.2407e+00 5.8512e+00 6.4481e+00 7.0269e+00 7.5855e+00 8.1226e+00 8.6360e+00 9.1257e+00 9.5918e+00 1.0035e+01 1.0455e+01 1.0853e+01 1.1227e+01 1.1580e+01 1.1913e+01 1.2227e+01 1.2525e+01 1.2807e+01 1.3074e+01 1.3327e+01 1.3565e+01 1.3790e+01 1.4002e+01 1.4203e+01 1.4394e+01 1.4574e+01 1.4745e+01 1.4907e+01 1.5060e+01 1.5206e+01 1.5345e+01 1.5476e+01 1.5602e+01 1.5722e+01 1.5835e+01 1.5944e+01 1.6047e+01 1.6146e+01 1.6240e+01 1.6329e+01 1.6415e+01 1.6497e+01 1.6575e+01 1.6650e+01 1.6722e+01 1.6791e+01 1.6857e+01 1.6920e+01 1.6981e+01 1.7039e+01 1.7095e+01 1.7149e+01 1.7200e+01 1.7249e+01
# cracked concrete diffusion history (fw, std)
0.0000e+00 4.0068e-01 9.6658e-01 1.7103e+00 2.5454e+00 3.4098e+00 4.2406e+00 5.0015e+00 5.6799e+00 6.2808e+00 6.7968e+00 7.2372e+00 7.6115e+00 7.9216e+00 8.1752e+00 8.3809e+00 8.5459e+00 8.6730e+00 8.7678e+00 8.8343e+00 8.8787e+00 8.9030e+00 8.9099e+00 8.9017e+00 8.8812e+00 8.8508e+00 8.8106e+00 8.7627e+00 8.7085e+00 8.6492e+00 8.5864e+00 8.5210e+00 8.4533e+00 8.3837e+00 8.3125e+00 8.2407e+00 8.1680e+00 8.0954e+00 8.0228e+00 7.9502e+00 7.8784e+00 7.8074e+00 7.7371e+00 7.6676e+00 7.5992e+00 7.5320e+00 7.4657e+00 7.4004e+00 7.3368e+00 7.2747e+00 7.2136e+00 7.1534e+00 7.0946e+00 7.0371e+00 6.9806e+00 6.9254e+00 6.8712e+00 6.8185e+00 6.7672e+00 6.7169e+00 6.6676e+00 6.6198e+00 6.5733e+00 6.5279e+00 6.4830e+00
# flexural resistance history (mean, kNm)
1.6328e+03 1.6326e+03 1.6322e+03 1.6317e+03 1.6311e+03 1.6303e+03 1.6294e+03 1.6285e+03 1.6274e+03 1.6263e+03 1.6251e+03 1.6239e+03 1.6226e+03 1.6213e+03 1.6199e+03 1.6186e+03 1.6172e+03 1.6158e+03 1.6144e+03 1.6129e+03 1.6115e+03 1.6100e+03 1.6086e+03 1.6071e+03 1.6056e+03 1.6042e+03 1.6027e+03 1.6012e+03 1.5997e+03 1.5983e+03 1.5968e+03 1.5953e+03 1.5938e+03 1.5923e+03 1.5909e+03 1.5894e+03 1.5879e+03 1.5864e+03 1.5849e+03 1.5835e+03 1.5820e+03 1.5805e+03 1.5791e+03 1.5776e+03 1.5761e+03 1.5747e+03 1.5732e+03 1.5717e+03 1.5703e+03 1.5688e+03 1.5674e+03 1.5659e+03 1.5645e+03 1.5630e+03 1.5616e+03 1.5601e+03 1.5587e+03 1.5572e+03 1.5558e+03 1.5543e+03 1.5529e+03 1.5515e+03 1.5500e+03 1.5486e+03 1.5472e+03
# flexural resistance history (std, kNm)
2.1933e+02 2.1930e+02 2.1926e+02 2.1920e+02 2.1914e+02 2.1906e+02 2.1898e+02 2.1890e+02 2.1881e+02 2.1873e+02 2.1865e+02 2.1856e+02 2.1848e+02 2.1840e+02 2.1833e+02 2.1826e+02 2.1819e+02 2.1813e+02 2.1807e+02 2.1801e+02 2.1796e+02 2.1791e+02 2.1787e+02 2.1783e+02 2.1780e+02 2.1777e+02 2.1774e+02 2.1772e+02 2.1771e+02 2.1769e+02 2.1769e+02 2.1768e+02 2.1768e+02 2.1769e+02 2.1770e+02 2.1771e+02 2.1773e+02 2.1776e+02 2.1779e+02 2.1782e+02 2.1785e+02 2.1790e+02 2.1794e+02 2.1799e+02 2.1804e+02 2.1810e+02 2.1816e+02 2.1823e+02 2.1830e+02 2.1837e+02 2.1845e+02 2.1853e+02 2.1862e+02 2.1871e+02 2.1880e+02 2.1890e+02 2.1900e+02 2.1910e+02 2.1921e+02 2.1932e+02 2.1944e+02 2.1956e+02 2.1968e+02 2.1981e+02 2.1994e+02
# shear resistance history (mean, kN)
1.2008e+03 1.2008e+03 1.2008e+03 1.2008e+03 1.2008e+03 1.2008e+03 1.2008e+03 1.2008e+03 1.2008e+03 1.2008e+03 1.2008e+03 1.2008e+03 1.2008e+03 1.2008e+03 1.2008e+03 1.2008e+03 1.2008e+03 1.2008e+03 1.2008e+03 1.2008e+03 1.2008e+03 1.2008e+03 1.2008e+03 1.2008e+03 1.2008e+03 1.2008e+03 1.2008e+03 1.2008e+03 1.2008e+03 1.2008e+03 1.2008e+03 1.2008e+03 1.2008e+03 1.2008e+03 1.2008e+03 1.2008e+03 1.2008e+03 1.2008e+03 1.2008e+03 1.2008e+03 1.2008e+03 1.2008e+03 1.2008e+03 1.2008e+03 1.2008e+03 1.2008e+03 1.2008e+03 1.2008e+03 1.2008e+03 1.2008e+03 1.2008e+03 1.2008e+03 1.2008e+03 1.2008e+03 1.2008e+03 1.2008e+03 1.2008e+03 1.2008e+03 1.2008e+03 1.2008e+03 1.2008e+03 1.2008e+03 1.2008e+03 1.2008e+03 1.2008e+03
# shear resistance history (std, kN)
1.7472e+02 1.7472e+02 1.7472e+02 1.7472e+02 1.7472e+02 1.7472e+02 1.7472e+02 1.7472e+02 1.7472e+02 1.7472e+02 1.7472e+02 1.7472e+02 1.7472e+02 1.7472e+02 1.7472e+02 1.7472e+02 1.7472e+02 1.7472e+02 1.7472e+02 1.7472e+02 1.7472e+02 1.7472e+02 1.7472e+02 1.7472e+02 1.7472e+02 1.7472e+02 1.7472e+02 1.7472e+02 1.7472e+02 1.7472e+02 1.7472e+02 1.7472e+02 1.7472e+02 1.7472e+02 1.7472e+02 1.7472e+02 1.7472e+02 1.7472e+02 1.7472e+02 1.7472e+02 1.7472e+02 1.7472e+02 1.7472e+02 1.7472e+02 1.7472e+02 1.7472e+02 1.7472e+02 1.7472e+02 1.7472e+02 1.7472e+02 1.7472e+02 1.7472e+02 1.7472e+02 1.7472e+02 1.7472e+02 1.7472e+02 1.7472e+02 1.7472e+02 1.7472e+02 1.7472e+02 1.7472e+02 1.7472e+02 1.7472e+02 1.7472e+02 1.7472e+02
