# service life
2 4 6 8 10 12 14 16 18 20 22 24 26 28 30 32 34 36 38 40 42 44 46 48 50 52 54 56 58 60 62 64 66 68 70 72 74 76 78 80 82 84 86 88 90 92 94 96 98 100 102 104 106 108 110 112 114 116 118 120 122 124 126 128 130
# chloride history (mean)
6.1655e-01 1.1478e+00 1.5010e+00 1.7564e+00 1.9529e+00 3.0914e+00 3.7377e+00 4.0690e+00 4.2110e+00 4.2443e+00 4.2646e+00 4.2823e+00 4.2981e+00 4.3123e+00 4.3251e+00 4.3368e+00 4.3475e+00 4.3574e+00 4.3665e+00 4.3750e+00 4.3829e+00 4.3903e+00 4.3972e+00 4.4038e+00 4.4099e+00 4.4158e+00 4.4213e+00 4.4265e+00 4.4315e+00 4.4363e+00 4.4408e+00 4.4452e+00 4.4493e+00 4.4533e+00 4.4571e+00 4.4608e+00 4.4644e+00 4.4678e+00 4.4710e+00 4.4742e+00 4.4773e+00 4.4802e+00 4.4831e+00 4.4858e+00 4.4885e+00 4.4911e+00 4.4936e+00 4.4961e+00 4.4985e+00 4.5008e+00 4.5030e+00 4.5052e+00 4.5073e+00 4.5094e+00 4.5114e+00 4.5134e+00 4.5153e+00 4.5172e+00 4.5190e+00 4.5208e+00 4.5225e+00 4.5242e+00 4.5259e+00 4.5275e+00 4.5291e+00
# chloride history (std)
3.6950e-01 5.1353e-01 6.0155e-01 6.6810e-01 7.2284e-01 1.0963e+00 1.3531e+00 1.5029e+00 1.5736e+00 1.5888e+00 1.5980e+00 1.6060e+00 1.6131e+00 1.6196e+00 1.6254e+00 1.6307e+00 1.6356e+00 1.6401e+00 1.6443e+00 1.6482e+00 1.6518e+00 1.6552e+00 1.6584e+00 1.6614e+00 1.6642e+00 1.6669e+00 1.6694e+00 1.6718e+00 1.6741e+00 1.6763e+00 1.6784e+00 1.6804e+00 1.6823e+00 1.6841e+00 1.6859e+00 1.6876e+00 1.6892e+00 1.6907e+00 1.6923e+00 1.6937e+00 1.6951e+00 1.6965e+00 1.6978e+00 1.6991e+00 1.7003e+00 1.7015e+00 1.7027e+00 1.7038e+00 1.7049e+00 1.7060e+00 1.7070e+00 1.7080e+00 1.7090e+00 1.7099e+00 1.7109e+00 1.7118e+00 1.7127e+00 1.7135e+00 1.7144e+00 1.7152e+00 1.7160e+00 1.7168e+00 1.7176e+00 1.7183e+00 1.7191e+00
# corrosion prob history
1.6816e-01 5.9064e-01 9.0495e-01 9.9996e-01 1.0000e+00 1.0000e+00 1.0000e+00 1.0000e+00 1.0000e+00 1.0000e+00 1.0000e+00 1.0000e+00 1.0000e+00 1.0000e+00 1.0000e+00 1.0000e+00 1.0000e+00 1.0000e+00 1.0000e+00 1.0000e+00 1.0000e+00 1.0000e+00 1.0000e+00 1.0000e+00 1.0000e+00 1.0000e+00 1.0000e+00 1.0000e+00 1.0000e+00 1.0000e+00 1.0000e+00 1.0000e+00 1.0000e+00 1.0000e+00 1.0000e+00 1.0000e+00 1.0000e+00 1.0000e+00 1.0000e+00 1.0000e+00 1.0000e+00 1.0000e+00 1.0000e+00 1.0000e+00 1.0000e+00 1.0000e+00 1.0000e+00 1.0000e+00 1.0000e+00 1.0000e+00 1.0000e+00 1.0000e+00 1.0000e+00 1.0000e+00 1.0000e+00 1.0000e+00 1.0000e+00 1.0000e+00 1.0000e+00 1.0000e+00 1.0000e+00 1.0000e+00 1.0000e+00 1.0000e+00 1.0000e+00
# corrosion rate history (mean)
1.9683e-01 7.7896e-01 1.1933e+00 1.2930e+00 1.2567e+00 1.7175e+00 1.8978e+00 1.9425e+00 1.9214e+00 1.8710e+00 1.8254e+00 1.7862e+00 1.7520e+00 1.7218e+00 1.6948e+00 1.6705e+00 1.6485e+00 1.6283e+00 1.6097e+00 1.5926e+00 1.5767e+00 1.5619e+00 1.5481e+00 1.5351e+00 1.5229e+00 1.5114e+00 1.5005e+00 1.4902e+00 1.4804e+00 1.4711e+00 1.4622e+00 1.4538e+00 1.4457e+00 1.4379e+00 1.4304e+00 1.4233e+00 1.4164e+00 1.4098e+00 1.4034e+00 1.3973e+00 1.3914e+00 1.3856e+00 1.3801e+00 1.3747e+00 1.3695e+00 1.3645e+00 1.3596e+00 1.3548e+00 1.3502e+00 1.3458e+00 1.3414e+00 1.3372e+00 1.3330e+00 1.3290e+00 1.3251e+00 1.3213e+00 1.3175e+00 1.3139e+00 1.3103e+00 1.3069e+00 1.3035e+00 1.3002e+00 1.2969e+00 1.2937e+00 1.2906e+00
# corrosion rate history (std)
4.6403e-01 7.1581e-01 5.3793e-01 3.9891e-01 3.7546e-01 5.2879e-01 6.0800e-01 6.3607e-01 6.3463e-01 6.1817e-01 6.0289e-01 5.8989e-01 5.7864e-01 5.6874e-01 5.5993e-01 5.5202e-01 5.4486e-01 5.3832e-01 5.3233e-01 5.2679e-01 5.2166e-01 5.1689e-01 5.1243e-01 5.0824e-01 5.0431e-01 5.0060e-01 4.9710e-01 4.9378e-01 4.9062e-01 4.8762e-01 4.8476e-01 4.8203e-01 4.7942e-01 4.7692e-01 4.7452e-01 4.7222e-01 4.7001e-01 4.6788e-01 4.6583e-01 4.6385e-01 4.6193e-01 4.6009e-01 4.5830e-01 4.5657e-01 4.5490e-01 4.5327e-01 4.5170e-01 4.5017e-01 4.4868e-01 4.4723e-01 4.4583e-01 4.4446e-01 4.4313e-01 4.4183e-01 4.4057e-01 4.3934e-01 4.3813e-01 4.3696e-01 4.3581e-01 4.3469e-01 4.3359e-01 4.3252e-01 4.3148e-01 4.3045e-01 4.2945e-01
# mean corrosion rate history (mean, outdated no use)
1.9683e-01 7.7896e-01 1.1933e+00 1.2930e+00 1.2567e+00 1.7175e+00 1.8978e+00 1.9425e+00 1.9214e+00 1.8710e+00 1.8254e+00 1.7862e+00 1.7520e+00 1.7218e+00 1.6948e+00 1.6705e+00 1.6485e+00 1.6283e+00 1.6097e+00 1.5926e+00 1.5767e+00 1.5619e+00 1.5481e+00 1.5351e+00 1.5229e+00 1.5114e+00 1.5005e+00 1.4902e+00 1.4804e+00 1.4711e+00 1.4622e+00 1.4538e+00 1.4457e+00 1.4379e+00 1.4304e+00 1.4233e+00 1.4164e+00 1.4098e+00 1.4034e+00 1.3973e+00 1.3914e+00 1.3856e+00 1.3801e+00 1.3747e+00 1.3695e+00 1.3645e+00 1.3596e+00 1.3548e+00 1.3502e+00 1.3458e+00 1.3414e+00 1.3372e+00 1.3330e+00 1.3290e+00 1.3251e+00 1.3213e+00 1.3175e+00 1.3139e+00 1.3103e+00 1.3069e+00 1.3035e+00 1.3002e+00 1.2969e+00 1.2937e+00 1.2906e+00
# mean corrosion rate history (std, outdated no use)
4.6403e-01 7.1581e-01 5.3793e-01 3.9891e-01 3.7546e-01 5.2879e-01 6.0800e-01 6.3607e-01 6.3463e-01 6.1817e-01 6.0289e-01 5.8989e-01 5.7864e-01 5.6874e-01 5.5993e-01 5.5202e-01 5.4486e-01 5.3832e-01 5.3233e-01 5.2679e-01 5.2166e-01 5.1689e-01 5.1243e-01 5.0824e-01 5.0431e-01 5.0060e-01 4.9710e-01 4.9378e-01 4.9062e-01 4.8762e-01 4.8476e-01 4.8203e-01 4.7942e-01 4.7692e-01 4.7452e-01 4.7222e-01 4.7001e-01 4.6788e-01 4.6583e-01 4.6385e-01 4.6193e-01 4.6009e-01 4.5830e-01 4.5657e-01 4.5490e-01 4.5327e-01 4.5170e-01 4.5017e-01 4.4868e-01 4.4723e-01 4.4583e-01 4.4446e-01 4.4313e-01 4.4183e-01 4.4057e-01 4.3934e-01 4.3813e-01 4.3696e-01 4.3581e-01 4.3469e-01 4.3359e-01 4.3252e-01 4.3148e-01 4.3045e-01 4.2945e-01
# residual diameter history (mean)
1.2693e+01 1.2664e+01 1.2619e+01 1.2571e+01 1.2524e+01 1.2460e+01 1.2389e+01 1.2317e+01 1.2245e+01 1.2175e+01 1.2107e+01 1.2040e+01 1.1975e+01 1.1911e+01 1.1848e+01 1.1785e+01 1.1724e+01 1.1663e+01 1.1603e+01 1.1543e+01 1.1485e+01 1.1426e+01 1.1369e+01 1.1311e+01 1.1255e+01 1.1198e+01 1.1142e+01 1.1087e+01 1.1031e+01 1.0976e+01 1.0922e+01 1.0868e+01 1.0814e+01 1.0760e+01 1.0707e+01 1.0654e+01 1.0601e+01 1.0548e+01 1.0496e+01 1.0444e+01 1.0392e+01 1.0340e+01 1.0289e+01 1.0237e+01 1.0186e+01 1.0135e+01 1.0085e+01 1.0034e+01 9.9836e+00 9.9334e+00 9.8833e+00 9.8334e+00 9.7837e+00 9.7341e+00 9.6847e+00 9.6354e+00 9.5862e+00 9.5372e+00 9.4883e+00 9.4395e+00 9.3908e+00 9.3423e+00 9.2939e+00 9.2456e+00 9.1975e+00
# residual diameter history (std)
1.7298e-02 3.6994e-02 4.8602e-02 5.6086e-02 6.6655e-02 8.1330e-02 9.9192e-02 1.1922e-01 1.4024e-01 1.6148e-01 1.8269e-01 2.0375e-01 2.2461e-01 2.4527e-01 2.6571e-01 2.8594e-01 3.0597e-01 3.2581e-01 3.4547e-01 3.6495e-01 3.8427e-01 4.0344e-01 4.2245e-01 4.4133e-01 4.6007e-01 4.7869e-01 4.9718e-01 5.1557e-01 5.3384e-01 5.5201e-01 5.7008e-01 5.8805e-01 6.0593e-01 6.2372e-01 6.4143e-01 6.5905e-01 6.7660e-01 6.9407e-01 7.1147e-01 7.2880e-01 7.4606e-01 7.6325e-01 7.8038e-01 7.9745e-01 8.1446e-01 8.3141e-01 8.4830e-01 8.6514e-01 8.8193e-01 8.9867e-01 9.1535e-01 9.3199e-01 9.4858e-01 9.6512e-01 9.8162e-01 9.9807e-01 1.0145e+00 1.0309e+00 1.0472e+00 1.0635e+00 1.0797e+00 1.0959e+00 1.1121e+00 1.1283e+00 1.1444e+00
# radial pressure history (mean)
1.0000e+00 1.0657e+00 7.4640e+00 4.2383e+01 8.1437e+01 1.3515e+02 1.9451e+02 2.5500e+02 3.1449e+02 3.7202e+02 4.2777e+02 4.8196e+02 5.3478e+02 5.8637e+02 6.3684e+02 6.8629e+02 7.3480e+02 7.8244e+02 8.2927e+02 8.7533e+02 9.2067e+02 9.6534e+02 1.0094e+03 1.0528e+03 1.0956e+03 1.1379e+03 1.1796e+03 1.2208e+03 1.2615e+03 1.3018e+03 1.3416e+03 1.3809e+03 1.4198e+03 1.4583e+03 1.4963e+03 1.5340e+03 1.5713e+03 1.6082e+03 1.6448e+03 1.6809e+03 1.7168e+03 1.7523e+03 1.7874e+03 1.8222e+03 1.8567e+03 1.8909e+03 1.9248e+03 1.9584e+03 1.9917e+03 2.0246e+03 2.0573e+03 2.0897e+03 2.1218e+03 2.1537e+03 2.1852e+03 2.2166e+03 2.2476e+03 2.2784e+03 2.3089e+03 2.3391e+03 2.3692e+03 2.3989e+03 2.4284e+03 2.4577e+03 2.4868e+03
# radial pressure history (std)
2.1885e-06 6.9343e-01 7.5383e+00 1.7133e+01 3.0846e+01 5.4083e+01 8.1756e+01 1.1081e+02 1.3963e+02 1.6749e+02 1.9440e+02 2.2046e+02 2.4576e+02 2.7038e+02 2.9438e+02 3.1782e+02 3.4074e+02 3.6318e+02 3.8516e+02 4.0672e+02 4.2787e+02 4.4865e+02 4.6907e+02 4.8915e+02 5.0890e+02 5.2833e+02 5.4747e+02 5.6631e+02 5.8488e+02 6.0318e+02 6.2121e+02 6.3899e+02 6.5653e+02 6.7383e+02 6.9089e+02 7.0773e+02 7.2435e+02 7.4076e+02 7.5696e+02 7.7295e+02 7.8874e+02 8.0434e+02 8.1974e+02 8.3496e+02 8.4999e+02 8.6484e+02 8.7951e+02 8.9401e+02 9.0834e+02 9.2250e+02 9.3650e+02 9.5033e+02 9.6400e+02 9.7752e+02 9.9087e+02 1.0041e+03 1.0171e+03 1.0300e+03 1.0428e+03 1.0554e+03 1.0679e+03 1.0802e+03 1.0924e+03 1.1045e+03 1.1164e+03
# crack prob history
1.6981e-122 2.3007e-31 1.7308e-04 9.9973e-01 1.0000e+00 1.0000e+00 1.0000e+00 1.0000e+00 1.0000e+00 1.0000e+00 1.0000e+00 1.0000e+00 1.0000e+00 1.0000e+00 1.0000e+00 1.0000e+00 1.0000e+00 1.0000e+00 1.0000e+00 1.0000e+00 1.0000e+00 1.0000e+00 1.0000e+00 1.0000e+00 1.0000e+00 1.0000e+00 1.0000e+00 1.0000e+00 1.0000e+00 1.0000e+00 1.0000e+00 1.0000e+00 1.0000e+00 1.0000e+00 1.0000e+00 1.0000e+00 1.0000e+00 1.0000e+00 1.0000e+00 1.0000e+00 1.0000e+00 1.0000e+00 1.0000e+00 1.0000e+00 1.0000e+00 1.0000e+00 1.0000e+00 1.0000e+00 1.0000e+00 1.0000e+00 1.0000e+00 1.0000e+00 1.0000e+00 1.0000e+00 1.0000e+00 1.0000e+00 1.0000e+00 1.0000e+00 1.0000e+00 1.0000e+00 1.0000e+00 1.0000e+00 1.0000e+00 1.0000e+00 1.0000e+00
# ds at crack history (mean)
2.1511e-121 2.9130e-30 2.1888e-03 1.2568e+01 1.2571e+01 1.2571e+01 1.2571e+01 1.2571e+01 1.2571e+01 1.2571e+01 1.2571e+01 1.2571e+01 1.2571e+01 1.2571e+01 1.2571e+01 1.2571e+01 1.2571e+01 1.2571e+01 1.2571e+01 1.2571e+01 1.2571e+01 1.2571e+01 1.2571e+01 1.2571e+01 1.2571e+01 1.2571e+01 1.2571e+01 1.2571e+01 1.2571e+01 1.2571e+01 1.2571e+01 1.2571e+01 1.2571e+01 1.2571e+01 1.2571e+01 1.2571e+01 1.2571e+01 1.2571e+01 1.2571e+01 1.2571e+01 1.2571e+01 1.2571e+01 1.2571e+01 1.2571e+01 1.2571e+01 1.2571e+01 1.2571e+01 1.2571e+01 1.2571e+01 1.2571e+01 1.2571e+01 1.2571e+01 1.2571e+01 1.2571e+01 1.2571e+01 1.2571e+01 1.2571e+01 1.2571e+01 1.2571e+01 1.2571e+01 1.2571e+01 1.2571e+01 1.2571e+01 1.2571e+01 1.2571e+01
# ds at crack history (std)
1.6514e-60 6.0753e-15 1.6642e-01 2.1344e-01 5.6093e-02 5.6093e-02 5.6093e-02 5.6093e-02 5.6093e-02 5.6093e-02 5.6093e-02 5.6093e-02 5.6093e-02 5.6093e-02 5.6093e-02 5.6093e-02 5.6093e-02 5.6093e-02 5.6093e-02 5.6093e-02 5.6093e-02 5.6093e-02 5.6093e-02 5.6093e-02 5.6093e-02 5.6093e-02 5.6093e-02 5.6093e-02 5.6093e-02 5.6093e-02 5.6093e-02 5.6093e-02 5.6093e-02 5.6093e-02 5.6093e-02 5.6093e-02 5.6093e-02 5.6093e-02 5.6093e-02 5.6093e-02 5.6093e-02 5.6093e-02 5.6093e-02 5.6093e-02 5.6093e-02 5.6093e-02 5.6093e-02 5.6093e-02 5.6093e-02 5.6093e-02 5.6093e-02 5.6093e-02 5.6093e-02 5.6093e-02 5.6093e-02 5.6093e-02 5.6093e-02 5.6093e-02 5.6093e-02 5.6093e-02 5.6093e-02 5.6093e-02 5.6093e-02 5.6093e-02 5.6093e-02
# crack width history (mean)
0.0000e+00 1.7830e-123 2.4674e-32 1.8140e-05 1.7937e-01 4.2132e-01 6.8597e-01 9.5475e-01 1.2188e+00 1.4745e+00 1.7225e+00 1.9638e+00 2.1991e+00 2.4291e+00 2.6543e+00 2.8751e+00 3.0917e+00 3.3046e+00 3.5140e+00 3.7201e+00 3.9230e+00 4.1230e+00 4.3202e+00 4.5148e+00 4.7068e+00 4.8965e+00 5.0837e+00 5.2688e+00 5.4517e+00 5.6326e+00 5.8114e+00 5.9884e+00 6.1634e+00 6.3367e+00 6.5081e+00 6.6779e+00 6.8460e+00 7.0125e+00 7.1773e+00 7.3407e+00 7.5025e+00 7.6629e+00 7.8218e+00 7.9793e+00 8.1354e+00 8.2901e+00 8.4435e+00 8.5956e+00 8.7464e+00 8.8960e+00 9.0443e+00 9.1914e+00 9.3372e+00 9.4819e+00 9.6254e+00 9.7678e+00 9.9091e+00 1.0049e+01 1.0188e+01 1.0326e+01 1.0463e+01 1.0599e+01 1.0734e+01 1.0867e+01 1.1000e+01
# crack width history (std)
0.0000e+00 1.3688e-62 5.1483e-17 1.3910e-03 2.4717e-02 3.9045e-02 4.4196e-02 4.5285e-02 4.4569e-02 4.4381e-02 4.5120e-02 4.6660e-02 4.8877e-02 5.1657e-02 5.4903e-02 5.8535e-02 6.2488e-02 6.6712e-02 7.1172e-02 7.5839e-02 8.0693e-02 8.5721e-02 9.0913e-02 9.6264e-02 1.0177e-01 1.0743e-01 1.1325e-01 1.1922e-01 1.2534e-01 1.3163e-01 1.3808e-01 1.4469e-01 1.5148e-01 1.5843e-01 1.6556e-01 1.7287e-01 1.8035e-01 1.8802e-01 1.9588e-01 2.0392e-01 2.1216e-01 2.2058e-01 2.2920e-01 2.3802e-01 2.4703e-01 2.5624e-01 2.6566e-01 2.7527e-01 2.8509e-01 2.9511e-01 3.0533e-01 3.1576e-01 3.2639e-01 3.3723e-01 3.4828e-01 3.5953e-01 3.7099e-01 3.8265e-01 3.9452e-01 4.0660e-01 4.1889e-01 4.3139e-01 4.4409e-01 4.5700e-01 4.7011e-01
# cracked concrete diffusion history (fw, mean)
1.0000e+00 1.0000e+00 1.0000e+00 1.0002e+00 3.0333e+00 7.4801e+00 1.4402e+01 1.9457e+01 1.9992e+01 2.0000e+01 2.0000e+01 2.0000e+01 2.0000e+01 2.0000e+01 2.0000e+01 2.0000e+01 2.0000e+01 2.0000e+01 2.0000e+01 2.0000e+01 2.0000e+01 2.0000e+01 2.0000e+01 2.0000e+01 2.0000e+01 2.0000e+01 2.0000e+01 2.0000e+01 2.0000e+01 2.0000e+01 2.0000e+01 2.0000e+01 2.0000e+01 2.0000e+01 2.0000e+01 2.0000e+01 2.0000e+01 2.0000e+01 2.0000e+01 2.0000e+01 2.0000e+01 2.0000e+01 2.0000e+01 2.0000e+01 2.0000e+01 2.0000e+01 2.0000e+01 2.0000e+01 2.0000e+01 2.0000e+01 2.0000e+01 2.0000e+01 2.0000e+01 2.0000e+01 2.0000e+01 2.0000e+01 2.0000e+01 2.0000e+01 2.0000e+01 2.0000e+01 2.0000e+01 2.0000e+01 2.0000e+01 2.0000e+01 2.0000e+01
# cracked concrete diffusion history (fw, std)
1.4058e-08 1.4058e-08 1.4058e-08 1.4903e-02 5.3740e-01 1.6645e+00 2.9638e+00 1.3148e+00 1.2936e-01 8.4520e-06 nan nan nan nan nan nan nan nan nan nan nan nan nan nan nan nan nan nan nan nan nan nan nan nan nan nan nan nan nan nan nan nan nan nan nan nan nan nan nan nan nan nan nan nan nan nan nan nan nan nan nan nan nan nan 9.2740e-07
# flexural resistance history (mean, kNm)
5.2885e+01 5.2645e+01 5.2276e+01 5.1878e+01 5.1493e+01 5.0968e+01 5.0392e+01 4.9805e+01 4.9229e+01 4.8671e+01 4.8131e+01 4.7605e+01 4.7092e+01 4.6592e+01 4.6102e+01 4.5622e+01 4.5151e+01 4.4689e+01 4.4235e+01 4.3788e+01 4.3348e+01 4.2914e+01 4.2487e+01 4.2066e+01 4.1651e+01 4.1241e+01 4.0836e+01 4.0436e+01 4.0041e+01 3.9651e+01 3.9266e+01 3.8884e+01 3.8507e+01 3.8135e+01 3.7766e+01 3.7401e+01 3.7040e+01 3.6682e+01 3.6328e+01 3.5978e+01 3.5631e+01 3.5288e+01 3.4948e+01 3.4611e+01 3.4277e+01 3.3946e+01 3.3619e+01 3.3294e+01 3.2973e+01 3.2654e+01 3.2338e+01 3.2025e+01 3.1715e+01 3.1408e+01 3.1103e+01 3.0801e+01 3.0501e+01 3.0204e+01 2.9910e+01 2.9618e+01 2.9328e+01 2.9041e+01 2.8757e+01 2.8475e+01 2.8195e+01
# flexural resistance history (std, kNm)
7.3019e+00 7.2823e+00 7.2299e+00 7.1784e+00 7.1307e+00 7.0667e+00 6.9997e+00 6.9366e+00 6.8799e+00 6.8303e+00 6.7870e+00 6.7495e+00 6.7172e+00 6.6898e+00 6.6668e+00 6.6479e+00 6.6328e+00 6.6212e+00 6.6130e+00 6.6079e+00 6.6056e+00 6.6061e+00 6.6090e+00 6.6143e+00 6.6218e+00 6.6313e+00 6.6426e+00 6.6558e+00 6.6705e+00 6.6868e+00 6.7044e+00 6.7233e+00 6.7434e+00 6.7646e+00 6.7867e+00 6.8098e+00 6.8336e+00 6.8582e+00 6.8834e+00 6.9091e+00 6.9354e+00 6.9622e+00 6.9893e+00 7.0167e+00 7.0443e+00 7.0722e+00 7.1003e+00 7.1284e+00 7.1566e+00 7.1849e+00 7.2131e+00 7.2412e+00 7.2693e+00 7.2972e+00 7.3249e+00 7.3525e+00 7.3798e+00 7.4069e+00 7.4337e+00 7.4601e+00 7.4863e+00 7.5121e+00 7.5375e+00 7.5625e+00 7.5871e+00
# shear resistance history (mean, kN)
8.3768e+02 8.3498e+02 8.3088e+02 8.2643e+02 8.2212e+02 8.1626e+02 8.0981e+02 8.0325e+02 7.9681e+02 7.9058e+02 7.8453e+02 7.7865e+02 7.7293e+02 7.6733e+02 7.6185e+02 7.5649e+02 7.5123e+02 7.4606e+02 7.4098e+02 7.3598e+02 7.3106e+02 7.2622e+02 7.2145e+02 7.1674e+02 7.1210e+02 7.0752e+02 7.0299e+02 6.9853e+02 6.9411e+02 6.8975e+02 6.8544e+02 6.8118e+02 6.7697e+02 6.7281e+02 6.6868e+02 6.6461e+02 6.6057e+02 6.5658e+02 6.5262e+02 6.4871e+02 6.4484e+02 6.4100e+02 6.3720e+02 6.3343e+02 6.2971e+02 6.2601e+02 6.2235e+02 6.1873e+02 6.1513e+02 6.1157e+02 6.0805e+02 6.0455e+02 6.0108e+02 5.9765e+02 5.9424e+02 5.9087e+02 5.8752e+02 5.8421e+02 5.8092e+02 5.7766e+02 5.7442e+02 5.7122e+02 5.6804e+02 5.6489e+02 5.6176e+02
# shear resistance history (std, kN)
1.2443e+02 1.2405e+02 1.2349e+02 1.2278e+02 1.2212e+02 1.2122e+02 1.2026e+02 1.1931e+02 1.1841e+02 1.1758e+02 1.1681e+02 1.1610e+02 1.1543e+02 1.1481e+02 1.1424e+02 1.1370e+02 1.1320e+02 1.1273e+02 1.1229e+02 1.1188e+02 1.1150e+02 1.1115e+02 1.1082e+02 1.1052e+02 1.1024e+02 1.0997e+02 1.0973e+02 1.0951e+02 1.0930e+02 1.0911e+02 1.0894e+02 1.0878e+02 1.0864e+02 1.0851e+02 1.0839e+02 1.0828e+02 1.0819e+02 1.0811e+02 1.0803e+02 1.0797e+02 1.0791e+02 1.0786e+02 1.0782e+02 1.0778e+02 1.0776e+02 1.0773e+02 1.0772e+02 1.0771e+02 1.0770e+02 1.0770e+02 1.0770e+02 1.0770e+02 1.0771e+02 1.0772e+02 1.0773e+02 1.0775e+02 1.0776e+02 1.0778e+02 1.0780e+02 1.0782e+02 1.0784e+02 1.0786e+02 1.0788e+02 1.0790e+02 1.0791e+02
