# service life
2 4 6 8 10 12 14 16 18 20 22 24 26 28 30 32 34 36 38 40 42 44 46 48 50 52 54 56 58 60 62 64 66 68 70 72 74 76 78 80 82 84 86 88 90 92 94 96 98 100 102 104 106 108 110 112 114 116 118 120 122 124 126 128 130
# chloride history (mean)
3.9571e-01 8.8025e-01 1.2411e+00 1.5166e+00 1.7352e+00 1.9146e+00 2.9830e+00 3.7274e+00 4.1733e+00 4.4396e+00 4.5686e+00 4.6066e+00 4.6278e+00 4.6463e+00 4.6629e+00 4.6780e+00 4.6918e+00 4.7046e+00 4.7164e+00 4.7274e+00 4.7376e+00 4.7472e+00 4.7562e+00 4.7647e+00 4.7727e+00 4.7802e+00 4.7874e+00 4.7942e+00 4.8007e+00 4.8068e+00 4.8127e+00 4.8183e+00 4.8237e+00 4.8289e+00 4.8338e+00 4.8386e+00 4.8432e+00 4.8476e+00 4.8518e+00 4.8559e+00 4.8599e+00 4.8637e+00 4.8674e+00 4.8710e+00 4.8745e+00 4.8779e+00 4.8811e+00 4.8843e+00 4.8874e+00 4.8904e+00 4.8933e+00 4.8961e+00 4.8989e+00 4.9016e+00 4.9042e+00 4.9067e+00 4.9092e+00 4.9116e+00 4.9140e+00 4.9163e+00 4.9186e+00 4.9208e+00 4.9230e+00 4.9251e+00 4.9271e+00
# chloride history (std)
2.7544e-01 4.1517e-01 4.9640e-01 5.5778e-01 6.0906e-01 6.5458e-01 9.7931e-01 1.2523e+00 1.4441e+00 1.5686e+00 1.6324e+00 1.6527e+00 1.6629e+00 1.6714e+00 1.6790e+00 1.6859e+00 1.6923e+00 1.6981e+00 1.7036e+00 1.7086e+00 1.7133e+00 1.7178e+00 1.7219e+00 1.7258e+00 1.7295e+00 1.7330e+00 1.7363e+00 1.7394e+00 1.7424e+00 1.7453e+00 1.7480e+00 1.7506e+00 1.7531e+00 1.7555e+00 1.7578e+00 1.7600e+00 1.7621e+00 1.7641e+00 1.7661e+00 1.7680e+00 1.7698e+00 1.7716e+00 1.7733e+00 1.7750e+00 1.7766e+00 1.7782e+00 1.7797e+00 1.7812e+00 1.7826e+00 1.7840e+00 1.7854e+00 1.7867e+00 1.7880e+00 1.7892e+00 1.7904e+00 1.7916e+00 1.7928e+00 1.7939e+00 1.7950e+00 1.7961e+00 1.7971e+00 1.7982e+00 1.7992e+00 1.8001e+00 1.8011e+00
# corrosion prob history
7.2306e-02 4.3742e-01 7.9599e-01 9.7771e-01 9.9988e-01 1.0000e+00 1.0000e+00 1.0000e+00 1.0000e+00 1.0000e+00 1.0000e+00 1.0000e+00 1.0000e+00 1.0000e+00 1.0000e+00 1.0000e+00 1.0000e+00 1.0000e+00 1.0000e+00 1.0000e+00 1.0000e+00 1.0000e+00 1.0000e+00 1.0000e+00 1.0000e+00 1.0000e+00 1.0000e+00 1.0000e+00 1.0000e+00 1.0000e+00 1.0000e+00 1.0000e+00 1.0000e+00 1.0000e+00 1.0000e+00 1.0000e+00 1.0000e+00 1.0000e+00 1.0000e+00 1.0000e+00 1.0000e+00 1.0000e+00 1.0000e+00 1.0000e+00 1.0000e+00 1.0000e+00 1.0000e+00 1.0000e+00 1.0000e+00 1.0000e+00 1.0000e+00 1.0000e+00 1.0000e+00 1.0000e+00 1.0000e+00 1.0000e+00 1.0000e+00 1.0000e+00 1.0000e+00 1.0000e+00 1.0000e+00 1.0000e+00 1.0000e+00 1.0000e+00 1.0000e+00
# corrosion rate history (mean)
6.2854e-02 4.3311e-01 8.0884e-01 9.9069e-01 9.9250e-01 9.8563e-01 1.3454e+00 1.5414e+00 1.6239e+00 1.6502e+00 1.6392e+00 1.6072e+00 1.5760e+00 1.5484e+00 1.5238e+00 1.5017e+00 1.4817e+00 1.4634e+00 1.4467e+00 1.4313e+00 1.4170e+00 1.4037e+00 1.3913e+00 1.3797e+00 1.3687e+00 1.3584e+00 1.3487e+00 1.3395e+00 1.3308e+00 1.3224e+00 1.3145e+00 1.3070e+00 1.2997e+00 1.2928e+00 1.2862e+00 1.2798e+00 1.2737e+00 1.2678e+00 1.2622e+00 1.2567e+00 1.2514e+00 1.2463e+00 1.2414e+00 1.2366e+00 1.2320e+00 1.2275e+00 1.2232e+00 1.2190e+00 1.2149e+00 1.2109e+00 1.2070e+00 1.2032e+00 1.1996e+00 1.1960e+00 1.1925e+00 1.1891e+00 1.1858e+00 1.1826e+00 1.1794e+00 1.1764e+00 1.1733e+00 1.1704e+00 1.1675e+00 1.1647e+00 1.1619e+00
# corrosion rate history (std)
2.3674e-01 5.2782e-01 4.8443e-01 3.1965e-01 2.7274e-01 2.7007e-01 3.7552e-01 4.5101e-01 4.9185e-01 5.1009e-01 5.1174e-01 5.0253e-01 4.9296e-01 4.8445e-01 4.7690e-01 4.7014e-01 4.6403e-01 4.5848e-01 4.5340e-01 4.4872e-01 4.4438e-01 4.4036e-01 4.3660e-01 4.3308e-01 4.2978e-01 4.2666e-01 4.2372e-01 4.2094e-01 4.1829e-01 4.1578e-01 4.1338e-01 4.1110e-01 4.0891e-01 4.0682e-01 4.0482e-01 4.0289e-01 4.0104e-01 3.9926e-01 3.9755e-01 3.9589e-01 3.9430e-01 3.9275e-01 3.9126e-01 3.8982e-01 3.8842e-01 3.8706e-01 3.8575e-01 3.8447e-01 3.8323e-01 3.8202e-01 3.8085e-01 3.7971e-01 3.7860e-01 3.7751e-01 3.7646e-01 3.7543e-01 3.7442e-01 3.7344e-01 3.7249e-01 3.7155e-01 3.7064e-01 3.6974e-01 3.6887e-01 3.6801e-01 3.6718e-01
# mean corrosion rate history (mean, outdated no use)
6.2854e-02 4.3311e-01 8.0884e-01 9.9069e-01 9.9250e-01 9.8563e-01 1.3454e+00 1.5414e+00 1.6239e+00 1.6502e+00 1.6392e+00 1.6072e+00 1.5760e+00 1.5484e+00 1.5238e+00 1.5017e+00 1.4817e+00 1.4634e+00 1.4467e+00 1.4313e+00 1.4170e+00 1.4037e+00 1.3913e+00 1.3797e+00 1.3687e+00 1.3584e+00 1.3487e+00 1.3395e+00 1.3308e+00 1.3224e+00 1.3145e+00 1.3070e+00 1.2997e+00 1.2928e+00 1.2862e+00 1.2798e+00 1.2737e+00 1.2678e+00 1.2622e+00 1.2567e+00 1.2514e+00 1.2463e+00 1.2414e+00 1.2366e+00 1.2320e+00 1.2275e+00 1.2232e+00 1.2190e+00 1.2149e+00 1.2109e+00 1.2070e+00 1.2032e+00 1.1996e+00 1.1960e+00 1.1925e+00 1.1891e+00 1.1858e+00 1.1826e+00 1.1794e+00 1.1764e+00 1.1733e+00 1.1704e+00 1.1675e+00 1.1647e+00 1.1619e+00
# mean corrosion rate history (std, outdated no use)
2.3674e-01 5.2782e-01 4.8443e-01 3.1965e-01 2.7274e-01 2.7007e-01 3.7552e-01 4.5101e-01 4.9185e-01 5.1009e-01 5.1174e-01 5.0253e-01 4.9296e-01 4.8445e-01 4.7690e-01 4.7014e-01 4.6403e-01 4.5848e-01 4.5340e-01 4.4872e-01 4.4438e-01 4.4036e-01 4.3660e-01 4.3308e-01 4.2978e-01 4.2666e-01 4.2372e-01 4.2094e-01 4.1829e-01 4.1578e-01 4.1338e-01 4.1110e-01 4.0891e-01 4.0682e-01 4.0482e-01 4.0289e-01 4.0104e-01 3.9926e-01 3.9755e-01 3.9589e-01 3.9430e-01 3.9275e-01 3.9126e-01 3.8982e-01 3.8842e-01 3.8706e-01 3.8575e-01 3.8447e-01 3.8323e-01 3.8202e-01 3.8085e-01 3.7971e-01 3.7860e-01 3.7751e-01 3.7646e-01 3.7543e-01 3.7442e-01 3.7344e-01 3.7249e-01 3.7155e-01 3.7064e-01 3.6974e-01 3.6887e-01 3.6801e-01 3.6718e-01
# residual diameter history (mean)
1.2698e+01 1.2682e+01 1.2651e+01 1.2614e+01 1.2577e+01 1.2541e+01 1.2491e+01 1.2433e+01 1.2373e+01 1.2311e+01 1.2250e+01 1.2190e+01 1.2131e+01 1.2073e+01 1.2017e+01 1.1961e+01 1.1905e+01 1.1851e+01 1.1797e+01 1.1743e+01 1.1690e+01 1.1638e+01 1.1586e+01 1.1535e+01 1.1484e+01 1.1433e+01 1.1383e+01 1.1333e+01 1.1283e+01 1.1234e+01 1.1185e+01 1.1136e+01 1.1088e+01 1.1039e+01 1.0991e+01 1.0944e+01 1.0896e+01 1.0849e+01 1.0802e+01 1.0755e+01 1.0708e+01 1.0662e+01 1.0616e+01 1.0569e+01 1.0524e+01 1.0478e+01 1.0432e+01 1.0387e+01 1.0341e+01 1.0296e+01 1.0251e+01 1.0206e+01 1.0162e+01 1.0117e+01 1.0073e+01 1.0028e+01 9.9839e+00 9.9398e+00 9.8958e+00 9.8519e+00 9.8082e+00 9.7645e+00 9.7210e+00 9.6775e+00 9.6342e+00
# residual diameter history (std)
8.8203e-03 2.4229e-02 3.6087e-02 4.2059e-02 4.8912e-02 5.7050e-02 6.7732e-02 8.0656e-02 9.5515e-02 1.1175e-01 1.2870e-01 1.4587e-01 1.6309e-01 1.8026e-01 1.9734e-01 2.1431e-01 2.3115e-01 2.4787e-01 2.6446e-01 2.8092e-01 2.9726e-01 3.1349e-01 3.2960e-01 3.4560e-01 3.6150e-01 3.7730e-01 3.9300e-01 4.0862e-01 4.2414e-01 4.3958e-01 4.5494e-01 4.7022e-01 4.8543e-01 5.0057e-01 5.1563e-01 5.3063e-01 5.4557e-01 5.6044e-01 5.7526e-01 5.9001e-01 6.0471e-01 6.1936e-01 6.3395e-01 6.4849e-01 6.6298e-01 6.7743e-01 6.9182e-01 7.0618e-01 7.2048e-01 7.3475e-01 7.4897e-01 7.6316e-01 7.7730e-01 7.9141e-01 8.0547e-01 8.1950e-01 8.3350e-01 8.4746e-01 8.6139e-01 8.7528e-01 8.8915e-01 9.0298e-01 9.1678e-01 9.3055e-01 9.4429e-01
# radial pressure history (mean)
1.0000e+00 1.0015e+00 1.2991e+00 1.0106e+01 3.9422e+01 7.0560e+01 1.1334e+02 1.6242e+02 2.1400e+02 2.6621e+02 3.1779e+02 3.6809e+02 4.1714e+02 4.6506e+02 5.1196e+02 5.5795e+02 6.0308e+02 6.4743e+02 6.9105e+02 7.3399e+02 7.7629e+02 8.1798e+02 8.5911e+02 8.9969e+02 9.3976e+02 9.7933e+02 1.0184e+03 1.0571e+03 1.0953e+03 1.1331e+03 1.1705e+03 1.2075e+03 1.2441e+03 1.2803e+03 1.3162e+03 1.3517e+03 1.3870e+03 1.4218e+03 1.4564e+03 1.4906e+03 1.5246e+03 1.5582e+03 1.5916e+03 1.6246e+03 1.6574e+03 1.6899e+03 1.7222e+03 1.7541e+03 1.7859e+03 1.8173e+03 1.8485e+03 1.8795e+03 1.9102e+03 1.9407e+03 1.9710e+03 2.0010e+03 2.0308e+03 2.0604e+03 2.0897e+03 2.1188e+03 2.1477e+03 2.1764e+03 2.2049e+03 2.2332e+03 2.2613e+03
# radial pressure history (std)
1.8385e-08 5.1189e-02 1.4491e+00 8.2382e+00 1.4282e+01 2.3894e+01 4.0515e+01 6.1526e+01 8.4627e+01 1.0852e+02 1.3231e+02 1.5553e+02 1.7814e+02 2.0018e+02 2.2169e+02 2.4273e+02 2.6333e+02 2.8352e+02 3.0333e+02 3.2279e+02 3.4191e+02 3.6071e+02 3.7922e+02 3.9744e+02 4.1539e+02 4.3308e+02 4.5052e+02 4.6773e+02 4.8470e+02 5.0145e+02 5.1798e+02 5.3431e+02 5.5043e+02 5.6636e+02 5.8210e+02 5.9766e+02 6.1303e+02 6.2823e+02 6.4326e+02 6.5812e+02 6.7282e+02 6.8735e+02 7.0173e+02 7.1596e+02 7.3004e+02 7.4397e+02 7.5775e+02 7.7140e+02 7.8490e+02 7.9827e+02 8.1150e+02 8.2460e+02 8.3757e+02 8.5041e+02 8.6313e+02 8.7572e+02 8.8818e+02 9.0053e+02 9.1276e+02 9.2487e+02 9.3686e+02 9.4874e+02 9.6051e+02 9.7216e+02 9.8370e+02
# crack prob history
1.6499e-231 7.9871e-78 2.1969e-20 2.4533e-04 9.9748e-01 1.0000e+00 1.0000e+00 1.0000e+00 1.0000e+00 1.0000e+00 1.0000e+00 1.0000e+00 1.0000e+00 1.0000e+00 1.0000e+00 1.0000e+00 1.0000e+00 1.0000e+00 1.0000e+00 1.0000e+00 1.0000e+00 1.0000e+00 1.0000e+00 1.0000e+00 1.0000e+00 1.0000e+00 1.0000e+00 1.0000e+00 1.0000e+00 1.0000e+00 1.0000e+00 1.0000e+00 1.0000e+00 1.0000e+00 1.0000e+00 1.0000e+00 1.0000e+00 1.0000e+00 1.0000e+00 1.0000e+00 1.0000e+00 1.0000e+00 1.0000e+00 1.0000e+00 1.0000e+00 1.0000e+00 1.0000e+00 1.0000e+00 1.0000e+00 1.0000e+00 1.0000e+00 1.0000e+00 1.0000e+00 1.0000e+00 1.0000e+00 1.0000e+00 1.0000e+00 1.0000e+00 1.0000e+00 1.0000e+00 1.0000e+00 1.0000e+00 1.0000e+00 1.0000e+00 1.0000e+00
# ds at crack history (mean)
2.0907e-230 1.0125e-76 2.7805e-19 3.1032e-03 1.2546e+01 1.2577e+01 1.2577e+01 1.2577e+01 1.2577e+01 1.2577e+01 1.2577e+01 1.2577e+01 1.2577e+01 1.2577e+01 1.2577e+01 1.2577e+01 1.2577e+01 1.2577e+01 1.2577e+01 1.2577e+01 1.2577e+01 1.2577e+01 1.2577e+01 1.2577e+01 1.2577e+01 1.2577e+01 1.2577e+01 1.2577e+01 1.2577e+01 1.2577e+01 1.2577e+01 1.2577e+01 1.2577e+01 1.2577e+01 1.2577e+01 1.2577e+01 1.2577e+01 1.2577e+01 1.2577e+01 1.2577e+01 1.2577e+01 1.2577e+01 1.2577e+01 1.2577e+01 1.2577e+01 1.2577e+01 1.2577e+01 1.2577e+01 1.2577e+01 1.2577e+01 1.2577e+01 1.2577e+01 1.2577e+01 1.2577e+01 1.2577e+01 1.2577e+01 1.2577e+01 1.2577e+01 1.2577e+01 1.2577e+01 1.2577e+01 1.2577e+01 1.2577e+01 1.2577e+01 1.2577e+01
# ds at crack history (std)
5.1487e-115 3.5838e-38 1.8765e-09 1.9816e-01 6.3248e-01 5.0269e-02 4.8947e-02 4.8947e-02 4.8947e-02 4.8947e-02 4.8947e-02 4.8947e-02 4.8947e-02 4.8947e-02 4.8947e-02 4.8947e-02 4.8947e-02 4.8947e-02 4.8947e-02 4.8947e-02 4.8947e-02 4.8947e-02 4.8947e-02 4.8947e-02 4.8947e-02 4.8947e-02 4.8947e-02 4.8947e-02 4.8947e-02 4.8947e-02 4.8947e-02 4.8947e-02 4.8947e-02 4.8947e-02 4.8947e-02 4.8947e-02 4.8947e-02 4.8947e-02 4.8947e-02 4.8947e-02 4.8947e-02 4.8947e-02 4.8947e-02 4.8947e-02 4.8947e-02 4.8947e-02 4.8947e-02 4.8947e-02 4.8947e-02 4.8947e-02 4.8947e-02 4.8947e-02 4.8947e-02 4.8947e-02 4.8947e-02 4.8947e-02 4.8947e-02 4.8947e-02 4.8947e-02 4.8947e-02 4.8947e-02 4.8947e-02 4.8947e-02 4.8947e-02 4.8947e-02
# crack width history (mean)
0.0000e+00 1.3730e-232 5.6879e-79 1.6238e-21 1.9326e-05 1.3362e-01 3.1460e-01 5.1998e-01 7.3475e-01 9.5159e-01 1.1658e+00 1.3747e+00 1.5785e+00 1.7778e+00 1.9730e+00 2.1644e+00 2.3524e+00 2.5372e+00 2.7191e+00 2.8982e+00 3.0746e+00 3.2487e+00 3.4204e+00 3.5899e+00 3.7573e+00 3.9227e+00 4.0862e+00 4.2478e+00 4.4077e+00 4.5659e+00 4.7224e+00 4.8774e+00 5.0308e+00 5.1827e+00 5.3332e+00 5.4822e+00 5.6300e+00 5.7763e+00 5.9214e+00 6.0653e+00 6.2078e+00 6.3492e+00 6.4894e+00 6.6285e+00 6.7664e+00 6.9033e+00 7.0390e+00 7.1737e+00 7.3073e+00 7.4399e+00 7.5715e+00 7.7021e+00 7.8318e+00 7.9605e+00 8.0882e+00 8.2150e+00 8.3409e+00 8.4659e+00 8.5900e+00 8.7132e+00 8.8355e+00 8.9570e+00 9.0777e+00 9.1975e+00 9.3165e+00
# crack width history (std)
0.0000e+00 3.3811e-117 2.0132e-40 1.0959e-11 1.2531e-03 1.9023e-02 3.1067e-02 3.6121e-02 3.6719e-02 3.5051e-02 3.2155e-02 2.9467e-02 2.7642e-02 2.6787e-02 2.6901e-02 2.7896e-02 2.9634e-02 3.1961e-02 3.4739e-02 3.7857e-02 4.1234e-02 4.4811e-02 4.8549e-02 5.2420e-02 5.6405e-02 6.0493e-02 6.4677e-02 6.8953e-02 7.3318e-02 7.7774e-02 8.2319e-02 8.6958e-02 9.1691e-02 9.6521e-02 1.0145e-01 1.0648e-01 1.1162e-01 1.1687e-01 1.2223e-01 1.2770e-01 1.3329e-01 1.3900e-01 1.4484e-01 1.5080e-01 1.5688e-01 1.6309e-01 1.6944e-01 1.7591e-01 1.8252e-01 1.8927e-01 1.9615e-01 2.0317e-01 2.1033e-01 2.1763e-01 2.2507e-01 2.3265e-01 2.4038e-01 2.4825e-01 2.5626e-01 2.6442e-01 2.7273e-01 2.8118e-01 2.8978e-01 2.9852e-01 3.0741e-01
# cracked concrete diffusion history (fw, mean)
1.0000e+00 1.0000e+00 1.0000e+00 1.0000e+00 1.0002e+00 2.3612e+00 5.1281e+00 9.5329e+00 1.5314e+01 1.9317e+01 1.9966e+01 1.9997e+01 2.0000e+01 2.0000e+01 2.0000e+01 2.0000e+01 2.0000e+01 2.0000e+01 2.0000e+01 2.0000e+01 2.0000e+01 2.0000e+01 2.0000e+01 2.0000e+01 2.0000e+01 2.0000e+01 2.0000e+01 2.0000e+01 2.0000e+01 2.0000e+01 2.0000e+01 2.0000e+01 2.0000e+01 2.0000e+01 2.0000e+01 2.0000e+01 2.0000e+01 2.0000e+01 2.0000e+01 2.0000e+01 2.0000e+01 2.0000e+01 2.0000e+01 2.0000e+01 2.0000e+01 2.0000e+01 2.0000e+01 2.0000e+01 2.0000e+01 2.0000e+01 2.0000e+01 2.0000e+01 2.0000e+01 2.0000e+01 2.0000e+01 2.0000e+01 2.0000e+01 2.0000e+01 2.0000e+01 2.0000e+01 2.0000e+01 2.0000e+01 2.0000e+01 2.0000e+01 2.0000e+01
# cracked concrete diffusion history (fw, std)
1.8385e-08 1.8385e-08 1.8385e-08 1.8385e-08 1.2149e-02 3.4682e-01 1.0461e+00 2.0960e+00 2.9345e+00 1.5050e+00 3.3122e-01 9.9303e-02 3.3967e-07 nan nan nan nan nan nan nan nan nan nan nan nan nan nan nan nan nan nan nan nan nan nan nan nan nan nan nan nan nan nan nan nan nan nan nan nan nan nan nan nan nan nan nan nan nan nan nan nan nan nan nan 6.3546e-07
# flexural resistance history (mean, kNm)
5.3141e+01 5.3006e+01 5.2755e+01 5.2448e+01 5.2142e+01 5.1838e+01 5.1425e+01 5.0954e+01 5.0460e+01 4.9961e+01 4.9468e+01 4.8987e+01 4.8518e+01 4.8060e+01 4.7611e+01 4.7171e+01 4.6739e+01 4.6315e+01 4.5897e+01 4.5487e+01 4.5082e+01 4.4683e+01 4.4289e+01 4.3901e+01 4.3518e+01 4.3139e+01 4.2765e+01 4.2396e+01 4.2030e+01 4.1669e+01 4.1311e+01 4.0958e+01 4.0608e+01 4.0261e+01 3.9918e+01 3.9578e+01 3.9242e+01 3.8909e+01 3.8578e+01 3.8251e+01 3.7927e+01 3.7606e+01 3.7287e+01 3.6972e+01 3.6658e+01 3.6348e+01 3.6040e+01 3.5735e+01 3.5432e+01 3.5132e+01 3.4834e+01 3.4539e+01 3.4246e+01 3.3955e+01 3.3666e+01 3.3380e+01 3.3096e+01 3.2814e+01 3.2535e+01 3.2257e+01 3.1981e+01 3.1708e+01 3.1437e+01 3.1167e+01 3.0900e+01
# flexural resistance history (std, kNm)
7.1827e+00 7.1648e+00 7.1355e+00 7.0947e+00 7.0549e+00 7.0169e+00 6.9668e+00 6.9123e+00 6.8586e+00 6.8079e+00 6.7612e+00 6.7193e+00 6.6817e+00 6.6481e+00 6.6181e+00 6.5916e+00 6.5683e+00 6.5479e+00 6.5305e+00 6.5156e+00 6.5033e+00 6.4934e+00 6.4857e+00 6.4801e+00 6.4765e+00 6.4748e+00 6.4749e+00 6.4767e+00 6.4801e+00 6.4849e+00 6.4912e+00 6.4989e+00 6.5078e+00 6.5178e+00 6.5290e+00 6.5412e+00 6.5544e+00 6.5685e+00 6.5835e+00 6.5992e+00 6.6156e+00 6.6328e+00 6.6505e+00 6.6689e+00 6.6877e+00 6.7071e+00 6.7268e+00 6.7470e+00 6.7675e+00 6.7883e+00 6.8095e+00 6.8308e+00 6.8524e+00 6.8741e+00 6.8960e+00 6.9179e+00 6.9400e+00 6.9621e+00 6.9843e+00 7.0064e+00 7.0285e+00 7.0506e+00 7.0726e+00 7.0946e+00 7.1164e+00
# shear resistance history (mean, kN)
8.3932e+02 8.3783e+02 8.3504e+02 8.3162e+02 8.2821e+02 8.2483e+02 8.2023e+02 8.1498e+02 8.0948e+02 8.0392e+02 7.9842e+02 7.9306e+02 7.8783e+02 7.8272e+02 7.7772e+02 7.7282e+02 7.6801e+02 7.6328e+02 7.5863e+02 7.5405e+02 7.4954e+02 7.4509e+02 7.4071e+02 7.3638e+02 7.3211e+02 7.2790e+02 7.2373e+02 7.1961e+02 7.1554e+02 7.1151e+02 7.0753e+02 7.0359e+02 6.9968e+02 6.9582e+02 6.9200e+02 6.8821e+02 6.8446e+02 1.1616e+03 1.1616e+03 1.1616e+03 1.1616e+03 1.1616e+03 1.1616e+03 1.1616e+03 1.1616e+03 1.1616e+03 1.1616e+03 1.1616e+03 1.1615e+03 1.1615e+03 1.1615e+03 1.1615e+03 1.1615e+03 1.1615e+03 1.1615e+03 1.1615e+03 1.1615e+03 1.1615e+03 1.1614e+03 1.1614e+03 1.1614e+03 1.1614e+03 1.1614e+03 1.1614e+03 1.1614e+03
# shear resistance history (std, kN)
1.2425e+02 1.2408e+02 1.2368e+02 1.2315e+02 1.2262e+02 1.2212e+02 1.2142e+02 1.2065e+02 1.1985e+02 1.1907e+02 1.1832e+02 1.1762e+02 1.1696e+02 1.1634e+02 1.1576e+02 1.1521e+02 1.1468e+02 1.1419e+02 1.1373e+02 1.1329e+02 1.1287e+02 1.1248e+02 1.1210e+02 1.1175e+02 1.1142e+02 1.1111e+02 1.1081e+02 1.1053e+02 1.1027e+02 1.1003e+02 1.0979e+02 1.0956e+02 1.0935e+02 1.0915e+02 1.0896e+02 1.0879e+02 1.0862e+02 2.8922e+02 2.8922e+02 2.8922e+02 2.8922e+02 2.8922e+02 2.8922e+02 2.8922e+02 2.8922e+02 2.8922e+02 2.8922e+02 2.8922e+02 2.8925e+02 2.8925e+02 2.8925e+02 2.8925e+02 2.8925e+02 2.8930e+02 2.8931e+02 2.8931e+02 2.8934e+02 2.8934e+02 2.8936e+02 2.8936e+02 2.8936e+02 2.8936e+02 2.8938e+02 2.8938e+02 2.8940e+02
