# service life
2 4 6 8 10 12 14 16 18 20 22 24 26 28 30 32 34 36 38 40 42 44 46 48 50 52 54 56 58 60 62 64 66 68 70 72 74 76 78 80 82 84 86 88 90 92 94 96 98 100 102 104 106 108 110 112 114 116 118 120 122 124 126 128 130
# chloride history (mean)
3.5245e-01 6.4646e-01 8.5914e-01 1.0360e+00 1.1946e+00 1.3393e+00 1.4710e+00 1.5900e+00 1.6971e+00 1.7930e+00 1.8788e+00 1.9556e+00 2.0242e+00 2.0856e+00 2.1406e+00 2.1901e+00 2.2347e+00 2.2749e+00 2.3112e+00 2.3442e+00 2.3741e+00 2.4012e+00 2.4261e+00 2.4487e+00 2.4695e+00 2.4886e+00 2.5062e+00 2.5224e+00 2.5374e+00 2.5512e+00 2.5641e+00 2.5760e+00 2.5871e+00 2.5975e+00 2.6071e+00 2.6161e+00 2.6246e+00 2.6325e+00 2.6399e+00 2.6469e+00 2.6535e+00 2.6597e+00 2.6656e+00 2.6712e+00 2.6764e+00 2.6814e+00 2.6861e+00 2.6906e+00 2.6949e+00 2.6990e+00 2.7029e+00 2.7066e+00 2.7101e+00 2.7135e+00 2.7167e+00 2.7198e+00 2.7227e+00 2.7256e+00 2.7283e+00 2.7310e+00 2.7335e+00 2.7359e+00 2.7382e+00 2.7405e+00 2.7427e+00
# chloride history (std)
3.7966e-01 5.3081e-01 6.6037e-01 7.9658e-01 9.2635e-01 1.0391e+00 1.1323e+00 1.2069e+00 1.2656e+00 1.3114e+00 1.3471e+00 1.3747e+00 1.3960e+00 1.4122e+00 1.4244e+00 1.4336e+00 1.4405e+00 1.4455e+00 1.4490e+00 1.4513e+00 1.4528e+00 1.4536e+00 1.4538e+00 1.4536e+00 1.4531e+00 1.4524e+00 1.4514e+00 1.4504e+00 1.4492e+00 1.4480e+00 1.4468e+00 1.4455e+00 1.4443e+00 1.4431e+00 1.4419e+00 1.4407e+00 1.4396e+00 1.4385e+00 1.4375e+00 1.4365e+00 1.4355e+00 1.4346e+00 1.4338e+00 1.4329e+00 1.4322e+00 1.4314e+00 1.4307e+00 1.4301e+00 1.4294e+00 1.4288e+00 1.4283e+00 1.4278e+00 1.4273e+00 1.4268e+00 1.4264e+00 1.4260e+00 1.4256e+00 1.4252e+00 1.4249e+00 1.4246e+00 1.4243e+00 1.4240e+00 1.4238e+00 1.4235e+00 1.4233e+00
# corrosion prob history
8.8050e-02 2.4393e-01 3.7285e-01 4.7066e-01 5.4444e-01 6.0153e-01 6.4672e-01 6.8245e-01 7.1177e-01 7.3595e-01 7.5623e-01 7.7350e-01 7.8813e-01 8.0097e-01 8.1216e-01 8.2199e-01 8.3088e-01 8.3864e-01 8.4568e-01 8.5198e-01 8.5776e-01 8.6306e-01 8.6784e-01 8.7221e-01 8.7629e-01 8.7997e-01 8.8350e-01 8.8678e-01 8.8974e-01 8.9252e-01 8.9507e-01 8.9746e-01 8.9972e-01 9.0196e-01 9.0390e-01 9.0583e-01 9.0766e-01 9.0950e-01 9.1114e-01 9.1264e-01 9.1412e-01 9.1548e-01 9.1686e-01 9.1807e-01 9.1926e-01 9.2042e-01 9.2157e-01 9.2263e-01 9.2359e-01 9.2455e-01 9.2545e-01 9.2637e-01 9.2727e-01 9.2814e-01 9.2897e-01 9.2976e-01 9.3050e-01 9.3125e-01 9.3199e-01 9.3271e-01 9.3343e-01 9.3402e-01 9.3461e-01 9.3522e-01 9.3584e-01
# corrosion rate history (mean)
9.6349e-02 2.4252e-01 3.4356e-01 4.1520e-01 4.6888e-01 5.1085e-01 5.4373e-01 5.6913e-01 5.8911e-01 6.0471e-01 6.1673e-01 6.2618e-01 6.3310e-01 6.3843e-01 6.4224e-01 6.4494e-01 6.4682e-01 6.4781e-01 6.4826e-01 6.4817e-01 6.4771e-01 6.4697e-01 6.4592e-01 6.4468e-01 6.4331e-01 6.4174e-01 6.4014e-01 6.3845e-01 6.3662e-01 6.3477e-01 6.3289e-01 6.3097e-01 6.2906e-01 6.2722e-01 6.2524e-01 6.2335e-01 6.2150e-01 6.1974e-01 6.1789e-01 6.1601e-01 6.1421e-01 6.1239e-01 6.1067e-01 6.0890e-01 6.0717e-01 6.0550e-01 6.0387e-01 6.0223e-01 6.0059e-01 5.9901e-01 5.9743e-01 5.9591e-01 5.9442e-01 5.9297e-01 5.9152e-01 5.9010e-01 5.8868e-01 5.8733e-01 5.8599e-01 5.8466e-01 5.8340e-01 5.8207e-01 5.8077e-01 5.7954e-01 5.7835e-01
# corrosion rate history (std)
3.5698e-01 4.9181e-01 5.4094e-01 5.6979e-01 5.8776e-01 5.9776e-01 6.0088e-01 5.9925e-01 5.9419e-01 5.8711e-01 5.7873e-01 5.6983e-01 5.6060e-01 5.5137e-01 5.4230e-01 5.3358e-01 5.2514e-01 5.1716e-01 5.0958e-01 5.0236e-01 4.9551e-01 4.8906e-01 4.8296e-01 4.7721e-01 4.7176e-01 4.6660e-01 4.6169e-01 4.5706e-01 4.5269e-01 4.4854e-01 4.4466e-01 4.4091e-01 4.3736e-01 4.3393e-01 4.3074e-01 4.2766e-01 4.2472e-01 4.2186e-01 4.1913e-01 4.1656e-01 4.1409e-01 4.1171e-01 4.0942e-01 4.0725e-01 4.0514e-01 4.0310e-01 4.0111e-01 3.9921e-01 3.9741e-01 3.9567e-01 3.9397e-01 3.9229e-01 3.9069e-01 3.8913e-01 3.8761e-01 3.8616e-01 3.8475e-01 3.8338e-01 3.8201e-01 3.8069e-01 3.7944e-01 3.7820e-01 3.7702e-01 3.7585e-01 3.7471e-01
# mean corrosion rate history (mean, outdated no use)
9.6349e-02 2.4252e-01 3.4356e-01 4.1520e-01 4.6888e-01 5.1085e-01 5.4373e-01 5.6913e-01 5.8911e-01 6.0471e-01 6.1673e-01 6.2618e-01 6.3310e-01 6.3843e-01 6.4224e-01 6.4494e-01 6.4682e-01 6.4781e-01 6.4826e-01 6.4817e-01 6.4771e-01 6.4697e-01 6.4592e-01 6.4468e-01 6.4331e-01 6.4174e-01 6.4014e-01 6.3845e-01 6.3662e-01 6.3477e-01 6.3289e-01 6.3097e-01 6.2906e-01 6.2722e-01 6.2524e-01 6.2335e-01 6.2150e-01 6.1974e-01 6.1789e-01 6.1601e-01 6.1421e-01 6.1239e-01 6.1067e-01 6.0890e-01 6.0717e-01 6.0550e-01 6.0387e-01 6.0223e-01 6.0059e-01 5.9901e-01 5.9743e-01 5.9591e-01 5.9442e-01 5.9297e-01 5.9152e-01 5.9010e-01 5.8868e-01 5.8733e-01 5.8599e-01 5.8466e-01 5.8340e-01 5.8207e-01 5.8077e-01 5.7954e-01 5.7835e-01
# mean corrosion rate history (std, outdated no use)
3.5698e-01 4.9181e-01 5.4094e-01 5.6979e-01 5.8776e-01 5.9776e-01 6.0088e-01 5.9925e-01 5.9419e-01 5.8711e-01 5.7873e-01 5.6983e-01 5.6060e-01 5.5137e-01 5.4230e-01 5.3358e-01 5.2514e-01 5.1716e-01 5.0958e-01 5.0236e-01 4.9551e-01 4.8906e-01 4.8296e-01 4.7721e-01 4.7176e-01 4.6660e-01 4.6169e-01 4.5706e-01 4.5269e-01 4.4854e-01 4.4466e-01 4.4091e-01 4.3736e-01 4.3393e-01 4.3074e-01 4.2766e-01 4.2472e-01 4.2186e-01 4.1913e-01 4.1656e-01 4.1409e-01 4.1171e-01 4.0942e-01 4.0725e-01 4.0514e-01 4.0310e-01 4.0111e-01 3.9921e-01 3.9741e-01 3.9567e-01 3.9397e-01 3.9229e-01 3.9069e-01 3.8913e-01 3.8761e-01 3.8616e-01 3.8475e-01 3.8338e-01 3.8201e-01 3.8069e-01 3.7944e-01 3.7820e-01 3.7702e-01 3.7585e-01 3.7471e-01
# residual diameter history (mean)
1.2696e+01 1.2687e+01 1.2675e+01 1.2659e+01 1.2642e+01 1.2623e+01 1.2602e+01 1.2581e+01 1.2559e+01 1.2537e+01 1.2514e+01 1.2490e+01 1.2467e+01 1.2443e+01 1.2419e+01 1.2395e+01 1.2371e+01 1.2347e+01 1.2323e+01 1.2298e+01 1.2274e+01 1.2250e+01 1.2226e+01 1.2202e+01 1.2178e+01 1.2154e+01 1.2130e+01 1.2107e+01 1.2083e+01 1.2059e+01 1.2036e+01 1.2012e+01 1.1989e+01 1.1965e+01 1.1942e+01 1.1919e+01 1.1896e+01 1.1873e+01 1.1849e+01 1.1827e+01 1.1804e+01 1.1781e+01 1.1758e+01 1.1735e+01 1.1713e+01 1.1690e+01 1.1668e+01 1.1645e+01 1.1623e+01 1.1601e+01 1.1578e+01 1.1556e+01 1.1534e+01 1.1512e+01 1.1490e+01 1.1468e+01 1.1446e+01 1.1424e+01 1.1402e+01 1.1380e+01 1.1359e+01 1.1337e+01 1.1315e+01 1.1294e+01 1.1272e+01
# residual diameter history (std)
1.3318e-02 2.9029e-02 4.6845e-02 6.6016e-02 8.6076e-02 1.0665e-01 1.2745e-01 1.4828e-01 1.6900e-01 1.8953e-01 2.0981e-01 2.2982e-01 2.4954e-01 2.6897e-01 2.8811e-01 3.0698e-01 3.2558e-01 3.4392e-01 3.6203e-01 3.7990e-01 3.9755e-01 4.1500e-01 4.3225e-01 4.4932e-01 4.6622e-01 4.8295e-01 4.9952e-01 5.1594e-01 5.3222e-01 5.4838e-01 5.6440e-01 5.8032e-01 5.9610e-01 6.1178e-01 6.2736e-01 6.4283e-01 6.5821e-01 6.7350e-01 6.8870e-01 7.0383e-01 7.1886e-01 7.3382e-01 7.4869e-01 7.6350e-01 7.7823e-01 7.9290e-01 8.0751e-01 8.2204e-01 8.3652e-01 8.5094e-01 8.6529e-01 8.7959e-01 8.9384e-01 9.0802e-01 9.2216e-01 9.3625e-01 9.5028e-01 9.6427e-01 9.7822e-01 9.9211e-01 1.0060e+00 1.0198e+00 1.0335e+00 1.0472e+00 1.0609e+00
# radial pressure history (mean)
1.6814e+00 4.5190e+00 1.0304e+01 1.9030e+01 3.0343e+01 4.3805e+01 5.8993e+01 7.5544e+01 9.3150e+01 1.1158e+02 1.3063e+02 1.5017e+02 1.7007e+02 1.9024e+02 2.1059e+02 2.3107e+02 2.5164e+02 2.7225e+02 2.9286e+02 3.1347e+02 3.3404e+02 3.5456e+02 3.7501e+02 3.9540e+02 4.1570e+02 4.3592e+02 4.5604e+02 4.7607e+02 4.9600e+02 5.1583e+02 5.3555e+02 5.5517e+02 5.7468e+02 5.9408e+02 6.1338e+02 6.3257e+02 6.5165e+02 6.7062e+02 6.8950e+02 7.0826e+02 7.2692e+02 7.4548e+02 7.6394e+02 7.8230e+02 8.0055e+02 8.1871e+02 8.3677e+02 8.5473e+02 8.7260e+02 8.9037e+02 9.0804e+02 9.2563e+02 9.4312e+02 9.6052e+02 9.7783e+02 9.9505e+02 1.0122e+03 1.0292e+03 1.0462e+03 1.0631e+03 1.0799e+03 1.0966e+03 1.1132e+03 1.1297e+03 1.1462e+03
# radial pressure history (std)
6.0467e+00 1.7545e+01 3.3914e+01 5.3386e+01 7.4650e+01 9.6832e+01 1.1937e+02 1.4193e+02 1.6430e+02 1.8635e+02 2.0804e+02 2.2931e+02 2.5016e+02 2.7060e+02 2.9063e+02 3.1026e+02 3.2952e+02 3.4841e+02 3.6697e+02 3.8519e+02 4.0310e+02 4.2071e+02 4.3804e+02 4.5509e+02 4.7189e+02 4.8844e+02 5.0475e+02 5.2083e+02 5.3668e+02 5.5233e+02 5.6778e+02 5.8303e+02 5.9809e+02 6.1297e+02 6.2768e+02 6.4221e+02 6.5658e+02 6.7079e+02 6.8484e+02 6.9873e+02 7.1248e+02 7.2609e+02 7.3955e+02 7.5288e+02 7.6607e+02 7.7913e+02 7.9207e+02 8.0488e+02 8.1756e+02 8.3013e+02 8.4257e+02 8.5491e+02 8.6713e+02 8.7923e+02 8.9123e+02 9.0312e+02 9.1491e+02 9.2660e+02 9.3818e+02 9.4966e+02 9.6104e+02 9.7232e+02 9.8351e+02 9.9460e+02 1.0056e+03
# crack prob history
1.4781e-02 5.5889e-02 1.1859e-01 1.8994e-01 2.6133e-01 3.2845e-01 3.9011e-01 4.4525e-01 4.9418e-01 5.3762e-01 5.7580e-01 6.0984e-01 6.3978e-01 6.6659e-01 6.9004e-01 7.1100e-01 7.2984e-01 7.4647e-01 7.6136e-01 7.7474e-01 7.8697e-01 7.9790e-01 8.0789e-01 8.1695e-01 8.2526e-01 8.3279e-01 8.3988e-01 8.4627e-01 8.5225e-01 8.5779e-01 8.6277e-01 8.6730e-01 8.7139e-01 8.7546e-01 8.7914e-01 8.8259e-01 8.8569e-01 8.8872e-01 8.9157e-01 8.9415e-01 8.9669e-01 8.9902e-01 9.0117e-01 9.0335e-01 9.0529e-01 9.0722e-01 9.0900e-01 9.1068e-01 9.1220e-01 9.1373e-01 9.1518e-01 9.1653e-01 9.1785e-01 9.1908e-01 9.2027e-01 9.2145e-01 9.2248e-01 9.2355e-01 9.2452e-01 9.2551e-01 9.2641e-01 9.2733e-01 9.2815e-01 9.2901e-01 9.2978e-01
# ds at crack history (mean)
1.8680e-01 7.0573e-01 1.4968e+00 2.3965e+00 3.2962e+00 4.1418e+00 4.9183e+00 5.6125e+00 6.2283e+00 6.7748e+00 7.2551e+00 7.6833e+00 8.0598e+00 8.3967e+00 8.6915e+00 8.9550e+00 9.1917e+00 9.4007e+00 9.5877e+00 9.7558e+00 9.9095e+00 1.0047e+01 1.0172e+01 1.0286e+01 1.0390e+01 1.0485e+01 1.0574e+01 1.0654e+01 1.0729e+01 1.0799e+01 1.0861e+01 1.0918e+01 1.0970e+01 1.1021e+01 1.1067e+01 1.1110e+01 1.1149e+01 1.1187e+01 1.1223e+01 1.1255e+01 1.1287e+01 1.1317e+01 1.1344e+01 1.1371e+01 1.1395e+01 1.1420e+01 1.1442e+01 1.1463e+01 1.1482e+01 1.1501e+01 1.1520e+01 1.1537e+01 1.1553e+01 1.1569e+01 1.1584e+01 1.1598e+01 1.1611e+01 1.1625e+01 1.1637e+01 1.1649e+01 1.1661e+01 1.1672e+01 1.1683e+01 1.1693e+01 1.1703e+01
# ds at crack history (std)
1.5251e+00 2.9006e+00 4.0806e+00 4.9491e+00 5.5418e+00 5.9224e+00 6.1497e+00 6.2648e+00 6.3013e+00 6.2830e+00 6.2274e+00 6.1456e+00 6.0478e+00 5.9386e+00 5.8254e+00 5.7094e+00 5.5925e+00 5.4788e+00 5.3680e+00 5.2607e+00 5.1559e+00 5.0565e+00 4.9607e+00 4.8692e+00 4.7814e+00 4.6984e+00 4.6173e+00 4.5412e+00 4.4677e+00 4.3973e+00 4.3322e+00 4.2711e+00 4.2147e+00 4.1570e+00 4.1038e+00 4.0527e+00 4.0058e+00 3.9590e+00 3.9143e+00 3.8730e+00 3.8318e+00 3.7932e+00 3.7570e+00 3.7199e+00 3.6862e+00 3.6524e+00 3.6207e+00 3.5904e+00 3.5628e+00 3.5345e+00 3.5075e+00 3.4819e+00 3.4569e+00 3.4331e+00 3.4101e+00 3.3868e+00 3.3665e+00 3.3451e+00 3.3255e+00 3.3055e+00 3.2871e+00 3.2680e+00 3.2509e+00 3.2330e+00 3.2167e+00
# crack width history (mean)
0.0000e+00 1.8436e-03 7.9973e-03 1.9813e-02 3.7388e-02 6.0171e-02 8.7378e-02 1.1826e-01 1.5213e-01 1.8837e-01 2.2653e-01 2.6619e-01 3.0704e-01 3.4881e-01 3.9130e-01 4.3433e-01 4.7776e-01 5.2148e-01 5.6538e-01 6.0939e-01 6.5344e-01 6.9749e-01 7.4150e-01 7.8542e-01 8.2924e-01 8.7293e-01 9.1647e-01 9.5985e-01 1.0031e+00 1.0461e+00 1.0889e+00 1.1315e+00 1.1739e+00 1.2161e+00 1.2581e+00 1.2999e+00 1.3414e+00 1.3828e+00 1.4239e+00 1.4648e+00 1.5055e+00 1.5459e+00 1.5862e+00 1.6262e+00 1.6660e+00 1.7057e+00 1.7451e+00 1.7843e+00 1.8233e+00 1.8621e+00 1.9007e+00 1.9391e+00 1.9772e+00 2.0152e+00 2.0530e+00 2.0907e+00 2.1281e+00 2.1653e+00 2.2024e+00 2.2392e+00 2.2759e+00 2.3124e+00 2.3487e+00 2.3849e+00 2.4208e+00
# crack width history (std)
0.0000e+00 1.8860e-02 4.9079e-02 8.8288e-02 1.3344e-01 1.8216e-01 2.3285e-01 2.8442e-01 3.3618e-01 3.8767e-01 4.3861e-01 4.8886e-01 5.3833e-01 5.8696e-01 6.3475e-01 6.8169e-01 7.2782e-01 7.7316e-01 8.1773e-01 8.6157e-01 9.0471e-01 9.4718e-01 9.8900e-01 1.0302e+00 1.0708e+00 1.1109e+00 1.1504e+00 1.1893e+00 1.2278e+00 1.2658e+00 1.3033e+00 1.3404e+00 1.3770e+00 1.4132e+00 1.4491e+00 1.4845e+00 1.5195e+00 1.5542e+00 1.5885e+00 1.6225e+00 1.6561e+00 1.6894e+00 1.7224e+00 1.7550e+00 1.7874e+00 1.8194e+00 1.8512e+00 1.8826e+00 1.9138e+00 1.9447e+00 1.9753e+00 2.0057e+00 2.0358e+00 2.0656e+00 2.0952e+00 2.1245e+00 2.1536e+00 2.1825e+00 2.2111e+00 2.2395e+00 2.2677e+00 2.2956e+00 2.3233e+00 2.3508e+00 2.3781e+00
# cracked concrete diffusion history (fw, mean)
1.0000e+00 1.0212e+00 1.1007e+00 1.2623e+00 1.5121e+00 1.8428e+00 2.2412e+00 2.6907e+00 3.1754e+00 3.6837e+00 4.2054e+00 4.7327e+00 5.2589e+00 5.7786e+00 6.2883e+00 6.7862e+00 7.2703e+00 7.7386e+00 8.1908e+00 8.6262e+00 9.0444e+00 9.4457e+00 9.8303e+00 1.0199e+01 1.0551e+01 1.0887e+01 1.1209e+01 1.1516e+01 1.1809e+01 1.2090e+01 1.2358e+01 1.2613e+01 1.2858e+01 1.3091e+01 1.3315e+01 1.3528e+01 1.3732e+01 1.3926e+01 1.4113e+01 1.4291e+01 1.4462e+01 1.4625e+01 1.4781e+01 1.4930e+01 1.5073e+01 1.5210e+01 1.5342e+01 1.5468e+01 1.5589e+01 1.5706e+01 1.5817e+01 1.5924e+01 1.6027e+01 1.6126e+01 1.6221e+01 1.6312e+01 1.6400e+01 1.6484e+01 1.6565e+01 1.6643e+01 1.6718e+01 1.6791e+01 1.6861e+01 1.6928e+01 1.6992e+01
# cracked concrete diffusion history (fw, std)
0.0000e+00 2.5580e-01 7.5902e-01 1.3656e+00 2.0343e+00 2.7170e+00 3.3846e+00 4.0118e+00 4.5830e+00 5.0982e+00 5.5566e+00 5.9620e+00 6.3171e+00 6.6243e+00 6.8879e+00 7.1137e+00 7.3055e+00 7.4658e+00 7.5988e+00 7.7074e+00 7.7941e+00 7.8614e+00 7.9116e+00 7.9467e+00 7.9685e+00 7.9783e+00 7.9777e+00 7.9680e+00 7.9506e+00 7.9263e+00 7.8959e+00 7.8604e+00 7.8206e+00 7.7772e+00 7.7306e+00 7.6811e+00 7.6294e+00 7.5761e+00 7.5213e+00 7.4654e+00 7.4085e+00 7.3508e+00 7.2926e+00 7.2339e+00 7.1750e+00 7.1161e+00 7.0574e+00 6.9990e+00 6.9411e+00 6.8836e+00 6.8266e+00 6.7703e+00 6.7147e+00 6.6597e+00 6.6054e+00 6.5519e+00 6.4992e+00 6.4474e+00 6.3964e+00 6.3462e+00 6.2969e+00 6.2484e+00 6.2007e+00 6.1538e+00 6.1078e+00
# flexural resistance history (mean, kNm)
5.3106e+01 5.3031e+01 5.2924e+01 5.2796e+01 5.2652e+01 5.2495e+01 5.2328e+01 5.2154e+01 5.1974e+01 5.1791e+01 5.1604e+01 5.1415e+01 5.1224e+01 5.1032e+01 5.0840e+01 5.0647e+01 5.0455e+01 5.0262e+01 5.0070e+01 4.9879e+01 4.9688e+01 4.9498e+01 4.9309e+01 4.9121e+01 4.8934e+01 4.8747e+01 4.8562e+01 4.8378e+01 4.8194e+01 4.8012e+01 4.7831e+01 4.7651e+01 4.7472e+01 4.7294e+01 4.7117e+01 4.6941e+01 4.6766e+01 4.6592e+01 4.6419e+01 4.6247e+01 4.6076e+01 4.5906e+01 4.5737e+01 4.5569e+01 4.5401e+01 4.5235e+01 4.5070e+01 4.4905e+01 4.4742e+01 4.4579e+01 4.4418e+01 4.4257e+01 4.4097e+01 4.3937e+01 4.3779e+01 4.3621e+01 4.3465e+01 4.3309e+01 4.3154e+01 4.2999e+01 4.2846e+01 4.2693e+01 4.2541e+01 4.2389e+01 4.2239e+01
# flexural resistance history (std, kNm)
7.3042e+00 7.2970e+00 7.2887e+00 7.2813e+00 7.2757e+00 7.2725e+00 7.2720e+00 7.2744e+00 7.2796e+00 7.2875e+00 7.2980e+00 7.3110e+00 7.3264e+00 7.3439e+00 7.3636e+00 7.3851e+00 7.4085e+00 7.4335e+00 7.4601e+00 7.4882e+00 7.5176e+00 7.5482e+00 7.5801e+00 7.6130e+00 7.6470e+00 7.6820e+00 7.7179e+00 7.7546e+00 7.7922e+00 7.8304e+00 7.8694e+00 7.9090e+00 7.9492e+00 7.9899e+00 8.0311e+00 8.0729e+00 8.1150e+00 8.1575e+00 8.2004e+00 8.2436e+00 8.2872e+00 8.3310e+00 8.3750e+00 8.4193e+00 8.4638e+00 8.5084e+00 8.5532e+00 8.5981e+00 8.6431e+00 8.6883e+00 8.7335e+00 8.7787e+00 8.8240e+00 8.8693e+00 8.9146e+00 8.9599e+00 9.0052e+00 9.0504e+00 9.0956e+00 9.1407e+00 9.1857e+00 9.2306e+00 9.2755e+00 9.3203e+00 9.3649e+00
# shear resistance history (mean, kN)
8.3573e+02 8.3489e+02 8.3371e+02 8.3228e+02 8.3067e+02 8.2893e+02 8.2708e+02 8.2515e+02 8.2315e+02 8.2111e+02 8.1903e+02 8.1693e+02 8.1481e+02 8.1268e+02 8.1054e+02 8.0840e+02 8.0626e+02 8.0412e+02 8.0199e+02 7.9986e+02 7.9774e+02 7.9563e+02 7.9353e+02 7.9144e+02 7.8936e+02 7.8729e+02 7.8523e+02 7.8318e+02 7.8114e+02 7.7911e+02 7.7710e+02 7.7510e+02 7.7311e+02 7.7113e+02 7.6916e+02 7.6721e+02 7.6526e+02 7.6333e+02 7.6141e+02 7.5950e+02 7.5760e+02 7.5571e+02 7.5383e+02 7.5196e+02 7.5010e+02 7.4825e+02 7.4642e+02 7.4459e+02 7.4277e+02 7.4096e+02 7.3917e+02 7.3738e+02 7.3560e+02 7.3383e+02 7.3207e+02 7.3032e+02 7.2858e+02 7.2685e+02 7.2512e+02 7.2341e+02 7.2170e+02 7.2000e+02 7.1831e+02 7.1663e+02 7.1496e+02
# shear resistance history (std, kN)
1.2713e+02 1.2701e+02 1.2686e+02 1.2669e+02 1.2652e+02 1.2636e+02 1.2621e+02 1.2607e+02 1.2595e+02 1.2585e+02 1.2576e+02 1.2569e+02 1.2564e+02 1.2560e+02 1.2557e+02 1.2556e+02 1.2557e+02 1.2558e+02 1.2561e+02 1.2566e+02 1.2571e+02 1.2578e+02 1.2585e+02 1.2594e+02 1.2604e+02 1.2614e+02 1.2626e+02 1.2638e+02 1.2652e+02 1.2666e+02 1.2681e+02 1.2696e+02 1.2713e+02 1.2730e+02 1.2748e+02 1.2766e+02 1.2785e+02 1.2804e+02 1.2824e+02 1.2845e+02 1.2866e+02 1.2888e+02 1.2910e+02 1.2932e+02 1.2955e+02 1.2978e+02 1.3001e+02 1.3025e+02 1.3050e+02 1.3074e+02 1.3099e+02 1.3124e+02 1.3150e+02 1.3176e+02 1.3201e+02 1.3228e+02 1.3254e+02 1.3281e+02 1.3307e+02 1.3334e+02 1.3361e+02 1.3388e+02 1.3416e+02 1.3443e+02 1.3471e+02
