# service life
2 4 6 8 10 12 14 16 18 20 22 24 26 28 30 32 34 36 38 40 42 44 46 48 50 52 54 56 58 60 62 64 66 68 70 72 74 76 78 80 82 84 86 88 90 92 94 96 98 100 102 104 106 108 110 112 114 116 118 120 122 124 126 128 130
# chloride history (mean)
3.2295e-01 7.3997e-01 1.0552e+00 1.2973e+00 1.4900e+00 1.6486e+00 2.5853e+00 3.2466e+00 3.6462e+00 3.8870e+00 4.0066e+00 4.0433e+00 4.0622e+00 4.0785e+00 4.0933e+00 4.1068e+00 4.1192e+00 4.1306e+00 4.1411e+00 4.1509e+00 4.1600e+00 4.1686e+00 4.1766e+00 4.1842e+00 4.1913e+00 4.1980e+00 4.2044e+00 4.2105e+00 4.2163e+00 4.2218e+00 4.2270e+00 4.2320e+00 4.2368e+00 4.2414e+00 4.2459e+00 4.2501e+00 4.2542e+00 4.2581e+00 4.2619e+00 4.2656e+00 4.2691e+00 4.2725e+00 4.2758e+00 4.2790e+00 4.2821e+00 4.2851e+00 4.2880e+00 4.2909e+00 4.2936e+00 4.2963e+00 4.2989e+00 4.3014e+00 4.3039e+00 4.3063e+00 4.3086e+00 4.3109e+00 4.3131e+00 4.3153e+00 4.3174e+00 4.3194e+00 4.3215e+00 4.3234e+00 4.3254e+00 4.3272e+00 4.3291e+00
# chloride history (std)
2.1032e-01 3.1161e-01 3.7011e-01 4.1593e-01 4.5567e-01 4.9202e-01 7.4948e-01 9.8063e-01 1.1483e+00 1.2588e+00 1.3205e+00 1.3423e+00 1.3510e+00 1.3581e+00 1.3646e+00 1.3706e+00 1.3760e+00 1.3810e+00 1.3857e+00 1.3900e+00 1.3940e+00 1.3978e+00 1.4013e+00 1.4047e+00 1.4078e+00 1.4108e+00 1.4136e+00 1.4163e+00 1.4189e+00 1.4213e+00 1.4236e+00 1.4259e+00 1.4280e+00 1.4300e+00 1.4320e+00 1.4339e+00 1.4357e+00 1.4375e+00 1.4391e+00 1.4408e+00 1.4423e+00 1.4439e+00 1.4453e+00 1.4468e+00 1.4481e+00 1.4495e+00 1.4508e+00 1.4520e+00 1.4533e+00 1.4544e+00 1.4556e+00 1.4567e+00 1.4578e+00 1.4589e+00 1.4599e+00 1.4609e+00 1.4619e+00 1.4629e+00 1.4638e+00 1.4648e+00 1.4657e+00 1.4665e+00 1.4674e+00 1.4682e+00 1.4691e+00
# corrosion prob history
3.0188e-02 2.9862e-01 7.1159e-01 9.7183e-01 9.9987e-01 1.0000e+00 1.0000e+00 1.0000e+00 1.0000e+00 1.0000e+00 1.0000e+00 1.0000e+00 1.0000e+00 1.0000e+00 1.0000e+00 1.0000e+00 1.0000e+00 1.0000e+00 1.0000e+00 1.0000e+00 1.0000e+00 1.0000e+00 1.0000e+00 1.0000e+00 1.0000e+00 1.0000e+00 1.0000e+00 1.0000e+00 1.0000e+00 1.0000e+00 1.0000e+00 1.0000e+00 1.0000e+00 1.0000e+00 1.0000e+00 1.0000e+00 1.0000e+00 1.0000e+00 1.0000e+00 1.0000e+00 1.0000e+00 1.0000e+00 1.0000e+00 1.0000e+00 1.0000e+00 1.0000e+00 1.0000e+00 1.0000e+00 1.0000e+00 1.0000e+00 1.0000e+00 1.0000e+00 1.0000e+00 1.0000e+00 1.0000e+00 1.0000e+00 1.0000e+00 1.0000e+00 1.0000e+00 1.0000e+00 1.0000e+00 1.0000e+00 1.0000e+00 1.0000e+00 1.0000e+00
# corrosion rate history (mean)
2.2834e-02 2.4044e-01 5.9393e-01 8.0490e-01 7.9838e-01 7.8694e-01 1.0731e+00 1.2295e+00 1.2953e+00 1.3161e+00 1.3075e+00 1.2818e+00 1.2561e+00 1.2333e+00 1.2132e+00 1.1952e+00 1.1789e+00 1.1640e+00 1.1505e+00 1.1380e+00 1.1264e+00 1.1157e+00 1.1056e+00 1.0963e+00 1.0874e+00 1.0792e+00 1.0713e+00 1.0639e+00 1.0569e+00 1.0502e+00 1.0438e+00 1.0378e+00 1.0320e+00 1.0264e+00 1.0211e+00 1.0160e+00 1.0111e+00 1.0064e+00 1.0019e+00 9.9751e-01 9.9329e-01 9.8921e-01 9.8527e-01 9.8146e-01 9.7777e-01 9.7419e-01 9.7072e-01 9.6736e-01 9.6409e-01 9.6091e-01 9.5782e-01 9.5482e-01 9.5189e-01 9.4905e-01 9.4627e-01 9.4356e-01 9.4093e-01 9.3835e-01 9.3583e-01 9.3338e-01 9.3098e-01 9.2863e-01 9.2634e-01 9.2409e-01 9.2190e-01
# corrosion rate history (std)
1.3740e-01 3.9918e-01 4.3867e-01 2.8948e-01 2.3902e-01 2.3251e-01 3.1404e-01 3.6762e-01 3.9529e-01 4.0701e-01 4.0733e-01 4.0034e-01 3.9240e-01 3.8537e-01 3.7915e-01 3.7360e-01 3.6860e-01 3.6405e-01 3.5990e-01 3.5608e-01 3.5254e-01 3.4926e-01 3.4620e-01 3.4334e-01 3.4065e-01 3.3813e-01 3.3574e-01 3.3348e-01 3.3134e-01 3.2930e-01 3.2736e-01 3.2551e-01 3.2374e-01 3.2205e-01 3.2043e-01 3.1888e-01 3.1738e-01 3.1595e-01 3.1456e-01 3.1323e-01 3.1194e-01 3.1070e-01 3.0949e-01 3.0833e-01 3.0720e-01 3.0611e-01 3.0505e-01 3.0403e-01 3.0303e-01 3.0206e-01 3.0111e-01 3.0020e-01 2.9930e-01 2.9843e-01 2.9758e-01 2.9676e-01 2.9595e-01 2.9516e-01 2.9439e-01 2.9364e-01 2.9291e-01 2.9219e-01 2.9149e-01 2.9080e-01 2.9013e-01
# mean corrosion rate history (mean, outdated no use)
2.2834e-02 2.4044e-01 5.9393e-01 8.0490e-01 7.9838e-01 7.8694e-01 1.0731e+00 1.2295e+00 1.2953e+00 1.3161e+00 1.3075e+00 1.2818e+00 1.2561e+00 1.2333e+00 1.2132e+00 1.1952e+00 1.1789e+00 1.1640e+00 1.1505e+00 1.1380e+00 1.1264e+00 1.1157e+00 1.1056e+00 1.0963e+00 1.0874e+00 1.0792e+00 1.0713e+00 1.0639e+00 1.0569e+00 1.0502e+00 1.0438e+00 1.0378e+00 1.0320e+00 1.0264e+00 1.0211e+00 1.0160e+00 1.0111e+00 1.0064e+00 1.0019e+00 9.9751e-01 9.9329e-01 9.8921e-01 9.8527e-01 9.8146e-01 9.7777e-01 9.7419e-01 9.7072e-01 9.6736e-01 9.6409e-01 9.6091e-01 9.5782e-01 9.5482e-01 9.5189e-01 9.4905e-01 9.4627e-01 9.4356e-01 9.4093e-01 9.3835e-01 9.3583e-01 9.3338e-01 9.3098e-01 9.2863e-01 9.2634e-01 9.2409e-01 9.2190e-01
# mean corrosion rate history (std, outdated no use)
1.3740e-01 3.9918e-01 4.3867e-01 2.8948e-01 2.3902e-01 2.3251e-01 3.1404e-01 3.6762e-01 3.9529e-01 4.0701e-01 4.0733e-01 4.0034e-01 3.9240e-01 3.8537e-01 3.7915e-01 3.7360e-01 3.6860e-01 3.6405e-01 3.5990e-01 3.5608e-01 3.5254e-01 3.4926e-01 3.4620e-01 3.4334e-01 3.4065e-01 3.3813e-01 3.3574e-01 3.3348e-01 3.3134e-01 3.2930e-01 3.2736e-01 3.2551e-01 3.2374e-01 3.2205e-01 3.2043e-01 3.1888e-01 3.1738e-01 3.1595e-01 3.1456e-01 3.1323e-01 3.1194e-01 3.1070e-01 3.0949e-01 3.0833e-01 3.0720e-01 3.0611e-01 3.0505e-01 3.0403e-01 3.0303e-01 3.0206e-01 3.0111e-01 3.0020e-01 2.9930e-01 2.9843e-01 2.9758e-01 2.9676e-01 2.9595e-01 2.9516e-01 2.9439e-01 2.9364e-01 2.9291e-01 2.9219e-01 2.9149e-01 2.9080e-01 2.9013e-01
# residual diameter history (mean)
3.5799e+01 3.5790e+01 3.5768e+01 3.5738e+01 3.5708e+01 3.5679e+01 3.5639e+01 3.5593e+01 3.5545e+01 3.5496e+01 3.5448e+01 3.5400e+01 3.5353e+01 3.5307e+01 3.5262e+01 3.5217e+01 3.5174e+01 3.5130e+01 3.5087e+01 3.5045e+01 3.5003e+01 3.4962e+01 3.4920e+01 3.4880e+01 3.4839e+01 3.4799e+01 3.4759e+01 3.4720e+01 3.4680e+01 3.4641e+01 3.4602e+01 3.4564e+01 3.4525e+01 3.4487e+01 3.4449e+01 3.4411e+01 3.4374e+01 3.4336e+01 3.4299e+01 3.4262e+01 3.4225e+01 3.4188e+01 3.4151e+01 3.4115e+01 3.4078e+01 3.4042e+01 3.4006e+01 3.3970e+01 3.3934e+01 3.3898e+01 3.3863e+01 3.3827e+01 3.3792e+01 3.3756e+01 3.3721e+01 3.3686e+01 3.3651e+01 3.3616e+01 3.3581e+01 3.3546e+01 3.3512e+01 3.3477e+01 3.3443e+01 3.3408e+01 3.3374e+01
# residual diameter history (std)
5.1138e-03 1.7096e-02 2.7966e-02 3.2869e-02 3.8709e-02 4.5716e-02 5.4941e-02 6.5903e-02 7.8217e-02 9.1439e-02 1.0511e-01 1.1889e-01 1.3265e-01 1.4633e-01 1.5992e-01 1.7340e-01 1.8676e-01 2.0001e-01 2.1315e-01 2.2618e-01 2.3911e-01 2.5194e-01 2.6468e-01 2.7732e-01 2.8988e-01 3.0236e-01 3.1475e-01 3.2707e-01 3.3932e-01 3.5151e-01 3.6362e-01 3.7567e-01 3.8766e-01 3.9959e-01 4.1147e-01 4.2329e-01 4.3505e-01 4.4677e-01 4.5844e-01 4.7006e-01 4.8164e-01 4.9317e-01 5.0466e-01 5.1610e-01 5.2751e-01 5.3888e-01 5.5020e-01 5.6150e-01 5.7275e-01 5.8397e-01 5.9516e-01 6.0631e-01 6.1744e-01 6.2853e-01 6.3959e-01 6.5061e-01 6.6161e-01 6.7259e-01 6.8353e-01 6.9445e-01 7.0533e-01 7.1620e-01 7.2704e-01 7.3785e-01 7.4864e-01
# radial pressure history (mean)
1.0000e+00 1.0037e+00 1.1769e+00 4.5930e+00 1.3877e+01 2.3566e+01 3.6887e+01 5.2219e+01 6.8395e+01 8.4828e+01 1.0114e+02 1.1710e+02 1.3271e+02 1.4801e+02 1.6304e+02 1.7783e+02 1.9239e+02 2.0675e+02 2.2092e+02 2.3491e+02 2.4875e+02 2.6243e+02 2.7598e+02 2.8939e+02 3.0268e+02 3.1584e+02 3.2890e+02 3.4185e+02 3.5470e+02 3.6745e+02 3.8011e+02 3.9268e+02 4.0516e+02 4.1756e+02 4.2988e+02 4.4213e+02 4.5430e+02 4.6640e+02 4.7843e+02 4.9040e+02 5.0230e+02 5.1414e+02 5.2592e+02 5.3764e+02 5.4930e+02 5.6090e+02 5.7245e+02 5.8395e+02 5.9539e+02 6.0679e+02 6.1813e+02 6.2943e+02 6.4068e+02 6.5188e+02 6.6303e+02 6.7415e+02 6.8522e+02 6.9624e+02 7.0723e+02 7.1817e+02 7.2907e+02 7.3993e+02 7.5076e+02 7.6154e+02 7.7229e+02
# radial pressure history (std)
4.6740e-08 8.0453e-02 6.9415e-01 3.0250e+00 4.8365e+00 7.8718e+00 1.3046e+01 1.9560e+01 2.6729e+01 3.4172e+01 4.1630e+01 4.8957e+01 5.6129e+01 6.3159e+01 7.0061e+01 7.6846e+01 8.3524e+01 9.0106e+01 9.6597e+01 1.0301e+02 1.0934e+02 1.1560e+02 1.2179e+02 1.2791e+02 1.3398e+02 1.3999e+02 1.4595e+02 1.5185e+02 1.5771e+02 1.6351e+02 1.6928e+02 1.7500e+02 1.8067e+02 1.8631e+02 1.9191e+02 1.9747e+02 2.0300e+02 2.0849e+02 2.1395e+02 2.1937e+02 2.2476e+02 2.3012e+02 2.3546e+02 2.4076e+02 2.4603e+02 2.5128e+02 2.5650e+02 2.6169e+02 2.6686e+02 2.7200e+02 2.7711e+02 2.8221e+02 2.8727e+02 2.9232e+02 2.9734e+02 3.0234e+02 3.0732e+02 3.1228e+02 3.1721e+02 3.2213e+02 3.2702e+02 3.3189e+02 3.3675e+02 3.4158e+02 3.4640e+02
# crack prob history
4.3134e-263 1.0917e-80 4.6137e-17 3.9940e-04 9.9713e-01 1.0000e+00 1.0000e+00 1.0000e+00 1.0000e+00 1.0000e+00 1.0000e+00 1.0000e+00 1.0000e+00 1.0000e+00 1.0000e+00 1.0000e+00 1.0000e+00 1.0000e+00 1.0000e+00 1.0000e+00 1.0000e+00 1.0000e+00 1.0000e+00 1.0000e+00 1.0000e+00 1.0000e+00 1.0000e+00 1.0000e+00 1.0000e+00 1.0000e+00 1.0000e+00 1.0000e+00 1.0000e+00 1.0000e+00 1.0000e+00 1.0000e+00 1.0000e+00 1.0000e+00 1.0000e+00 1.0000e+00 1.0000e+00 1.0000e+00 1.0000e+00 1.0000e+00 1.0000e+00 1.0000e+00 1.0000e+00 1.0000e+00 1.0000e+00 1.0000e+00 1.0000e+00 1.0000e+00 1.0000e+00 1.0000e+00 1.0000e+00 1.0000e+00 1.0000e+00 1.0000e+00 1.0000e+00 1.0000e+00 1.0000e+00 1.0000e+00 1.0000e+00 1.0000e+00 1.0000e+00
# ds at crack history (mean)
1.5431e-261 3.9029e-79 1.6506e-15 1.4279e-02 3.5606e+01 3.5708e+01 3.5708e+01 3.5708e+01 3.5708e+01 3.5708e+01 3.5708e+01 3.5708e+01 3.5708e+01 3.5708e+01 3.5708e+01 3.5708e+01 3.5708e+01 3.5708e+01 3.5708e+01 3.5708e+01 3.5708e+01 3.5708e+01 3.5708e+01 3.5708e+01 3.5708e+01 3.5708e+01 3.5708e+01 3.5708e+01 3.5708e+01 3.5708e+01 3.5708e+01 3.5708e+01 3.5708e+01 3.5708e+01 3.5708e+01 3.5708e+01 3.5708e+01 3.5708e+01 3.5708e+01 3.5708e+01 3.5708e+01 3.5708e+01 3.5708e+01 3.5708e+01 3.5708e+01 3.5708e+01 3.5708e+01 3.5708e+01 3.5708e+01 3.5708e+01 3.5708e+01 3.5708e+01 3.5708e+01 3.5708e+01 3.5708e+01 3.5708e+01 3.5708e+01 3.5708e+01 3.5708e+01 3.5708e+01 3.5708e+01 3.5708e+01 3.5708e+01 3.5708e+01 3.5708e+01
# ds at crack history (std)
2.3502e-130 3.7364e-39 2.4307e-07 7.1454e-01 1.9125e+00 5.2808e-02 3.8723e-02 3.8723e-02 3.8723e-02 3.8723e-02 3.8723e-02 3.8723e-02 3.8723e-02 3.8723e-02 3.8723e-02 3.8723e-02 3.8723e-02 3.8723e-02 3.8723e-02 3.8723e-02 3.8723e-02 3.8723e-02 3.8723e-02 3.8723e-02 3.8723e-02 3.8723e-02 3.8723e-02 3.8723e-02 3.8723e-02 3.8723e-02 3.8723e-02 3.8723e-02 3.8723e-02 3.8723e-02 3.8723e-02 3.8723e-02 3.8723e-02 3.8723e-02 3.8723e-02 3.8723e-02 3.8723e-02 3.8723e-02 3.8723e-02 3.8723e-02 3.8723e-02 3.8723e-02 3.8723e-02 3.8723e-02 3.8723e-02 3.8723e-02 3.8723e-02 3.8723e-02 3.8723e-02 3.8723e-02 3.8723e-02 3.8723e-02 3.8723e-02 3.8723e-02 3.8723e-02 3.8723e-02 3.8723e-02 3.8723e-02 3.8723e-02 3.8723e-02 3.8723e-02
# crack width history (mean)
0.0000e+00 4.1308e-264 8.6024e-82 3.5404e-18 3.4632e-05 1.3076e-01 3.0838e-01 5.1076e-01 7.2318e-01 9.3845e-01 1.1519e+00 1.3608e+00 1.5652e+00 1.7656e+00 1.9625e+00 2.1563e+00 2.3471e+00 2.5353e+00 2.7211e+00 2.9047e+00 3.0861e+00 3.2656e+00 3.4433e+00 3.6192e+00 3.7936e+00 3.9664e+00 4.1377e+00 4.3077e+00 4.4763e+00 4.6437e+00 4.8099e+00 4.9749e+00 5.1388e+00 5.3017e+00 5.4635e+00 5.6244e+00 5.7843e+00 5.9432e+00 6.1013e+00 6.2585e+00 6.4149e+00 6.5705e+00 6.7253e+00 6.8793e+00 7.0325e+00 7.1851e+00 7.3369e+00 7.4881e+00 7.6385e+00 7.7884e+00 7.9375e+00 8.0861e+00 8.2340e+00 8.3814e+00 8.5281e+00 8.6743e+00 8.8199e+00 8.9650e+00 9.1095e+00 9.2535e+00 9.3970e+00 9.5399e+00 9.6824e+00 9.8244e+00 9.9659e+00
# crack width history (std)
0.0000e+00 6.2913e-133 8.2356e-42 5.2137e-10 1.7415e-03 1.8909e-02 3.1380e-02 3.7351e-02 3.8981e-02 3.8291e-02 3.6159e-02 3.4015e-02 3.2604e-02 3.2025e-02 3.2282e-02 3.3331e-02 3.5081e-02 3.7423e-02 4.0242e-02 4.3438e-02 4.6927e-02 5.0642e-02 5.4531e-02 5.8556e-02 6.2686e-02 6.6897e-02 7.1172e-02 7.5496e-02 7.9859e-02 8.4252e-02 8.8669e-02 9.3102e-02 9.7549e-02 1.0201e-01 1.0647e-01 1.1094e-01 1.1541e-01 1.1988e-01 1.2434e-01 1.2881e-01 1.3328e-01 1.3774e-01 1.4220e-01 1.4666e-01 1.5111e-01 1.5555e-01 1.5999e-01 1.6443e-01 1.6886e-01 1.7329e-01 1.7771e-01 1.8213e-01 1.8654e-01 1.9095e-01 1.9535e-01 1.9975e-01 2.0415e-01 2.0854e-01 2.1293e-01 2.1732e-01 2.2170e-01 2.2608e-01 2.3045e-01 2.3483e-01 2.3920e-01
# cracked concrete diffusion history (fw, mean)
1.0000e+00 1.0000e+00 1.0000e+00 1.0000e+00 1.0003e+00 2.3306e+00 5.0295e+00 9.3345e+00 1.5068e+01 1.9197e+01 1.9970e+01 2.0000e+01 2.0000e+01 2.0000e+01 2.0000e+01 2.0000e+01 2.0000e+01 2.0000e+01 2.0000e+01 2.0000e+01 2.0000e+01 2.0000e+01 2.0000e+01 2.0000e+01 2.0000e+01 2.0000e+01 2.0000e+01 2.0000e+01 2.0000e+01 2.0000e+01 2.0000e+01 2.0000e+01 2.0000e+01 2.0000e+01 2.0000e+01 2.0000e+01 2.0000e+01 2.0000e+01 2.0000e+01 2.0000e+01 2.0000e+01 2.0000e+01 2.0000e+01 2.0000e+01 2.0000e+01 2.0000e+01 2.0000e+01 2.0000e+01 2.0000e+01 2.0000e+01 2.0000e+01 2.0000e+01 2.0000e+01 2.0000e+01 2.0000e+01 2.0000e+01 2.0000e+01 2.0000e+01 2.0000e+01 2.0000e+01 2.0000e+01 2.0000e+01 2.0000e+01 2.0000e+01 2.0000e+01
# cracked concrete diffusion history (fw, std)
4.4906e-08 4.4906e-08 4.4906e-08 4.4906e-08 1.5550e-02 3.3424e-01 1.0072e+00 2.0195e+00 2.9390e+00 1.5935e+00 2.5825e-01 4.5183e-03 5.8665e-07 nan nan nan nan nan nan nan nan nan nan nan nan nan nan nan nan nan nan nan nan nan nan nan nan nan nan nan nan nan nan nan nan nan nan nan nan nan nan nan nan nan nan nan nan nan nan nan nan nan nan nan 2.9333e-07
# flexural resistance history (mean, kNm)
1.6325e+03 1.6320e+03 1.6305e+03 1.6285e+03 1.6266e+03 1.6246e+03 1.6220e+03 1.6190e+03 1.6158e+03 1.6126e+03 1.6094e+03 1.6063e+03 1.6033e+03 1.6003e+03 1.5973e+03 1.5944e+03 1.5915e+03 1.5887e+03 1.5859e+03 1.5831e+03 1.5804e+03 1.5776e+03 1.5749e+03 1.5722e+03 1.5695e+03 1.5669e+03 1.5642e+03 1.5615e+03 1.5589e+03 1.5563e+03 1.5536e+03 1.5510e+03 1.5484e+03 1.5457e+03 1.5431e+03 1.5405e+03 1.5379e+03 1.5353e+03 1.5327e+03 1.5301e+03 1.5275e+03 1.5249e+03 1.5223e+03 1.5197e+03 1.5172e+03 1.5146e+03 1.5120e+03 1.5095e+03 1.5069e+03 1.5044e+03 1.5018e+03 1.4993e+03 1.4968e+03 1.4943e+03 1.4917e+03 1.4892e+03 1.4867e+03 1.4842e+03 1.4817e+03 1.4793e+03 1.4768e+03 1.4743e+03 1.4719e+03 1.4694e+03 1.4669e+03
# flexural resistance history (std, kNm)
2.2398e+02 2.2391e+02 2.2375e+02 2.2348e+02 2.2322e+02 2.2296e+02 2.2261e+02 2.2221e+02 2.2179e+02 2.2137e+02 2.2095e+02 2.2055e+02 2.2016e+02 2.1978e+02 2.1941e+02 2.1905e+02 2.1870e+02 2.1835e+02 2.1802e+02 2.1769e+02 2.1737e+02 2.1705e+02 2.1674e+02 2.1643e+02 2.1613e+02 2.1584e+02 2.1555e+02 2.1527e+02 2.1500e+02 2.1472e+02 2.1445e+02 2.1419e+02 2.1392e+02 2.1366e+02 2.1341e+02 2.1317e+02 2.1293e+02 2.1268e+02 2.1244e+02 2.1221e+02 2.1197e+02 2.1175e+02 2.1152e+02 2.1131e+02 2.1109e+02 2.1087e+02 2.1066e+02 2.1045e+02 2.1025e+02 2.1005e+02 2.0985e+02 2.0966e+02 2.0947e+02 2.0928e+02 2.0909e+02 2.0891e+02 2.0873e+02 2.0856e+02 2.0838e+02 2.0821e+02 2.0804e+02 2.0788e+02 2.0772e+02 2.0756e+02 2.0741e+02
# shear resistance history (mean, kN)
1.1980e+03 1.1980e+03 1.1980e+03 1.1980e+03 1.1980e+03 1.1980e+03 1.1980e+03 1.1980e+03 1.1980e+03 1.1980e+03 1.1980e+03 1.1980e+03 1.1980e+03 1.1980e+03 1.1980e+03 1.1980e+03 1.1980e+03 1.1980e+03 1.1980e+03 1.1980e+03 1.1980e+03 1.1980e+03 1.1980e+03 1.1980e+03 1.1980e+03 1.1980e+03 1.1980e+03 1.1980e+03 1.1980e+03 1.1980e+03 1.1980e+03 1.1980e+03 1.1980e+03 1.1980e+03 1.1980e+03 1.1980e+03 1.1980e+03 1.1980e+03 1.1980e+03 1.1980e+03 1.1980e+03 1.1980e+03 1.1980e+03 1.1980e+03 1.1980e+03 1.1980e+03 1.1980e+03 1.1980e+03 1.1980e+03 1.1980e+03 1.1980e+03 1.1980e+03 1.1980e+03 1.1980e+03 1.1980e+03 1.1980e+03 1.1980e+03 1.1980e+03 1.1980e+03 1.1980e+03 1.1980e+03 1.1980e+03 1.1980e+03 1.1980e+03 1.1980e+03
# shear resistance history (std, kN)
1.7090e+02 1.7090e+02 1.7090e+02 1.7090e+02 1.7090e+02 1.7090e+02 1.7090e+02 1.7090e+02 1.7090e+02 1.7090e+02 1.7090e+02 1.7090e+02 1.7090e+02 1.7090e+02 1.7090e+02 1.7090e+02 1.7090e+02 1.7090e+02 1.7090e+02 1.7090e+02 1.7090e+02 1.7090e+02 1.7090e+02 1.7090e+02 1.7090e+02 1.7090e+02 1.7090e+02 1.7090e+02 1.7090e+02 1.7090e+02 1.7090e+02 1.7090e+02 1.7090e+02 1.7090e+02 1.7090e+02 1.7090e+02 1.7090e+02 1.7090e+02 1.7090e+02 1.7090e+02 1.7090e+02 1.7090e+02 1.7090e+02 1.7090e+02 1.7090e+02 1.7090e+02 1.7090e+02 1.7090e+02 1.7090e+02 1.7090e+02 1.7090e+02 1.7090e+02 1.7090e+02 1.7090e+02 1.7090e+02 1.7090e+02 1.7090e+02 1.7090e+02 1.7090e+02 1.7090e+02 1.7090e+02 1.7090e+02 1.7090e+02 1.7090e+02 1.7090e+02
